0.00000       5.82092
0.00391       5.15410
0.00781       3.43979
0.01172       4.17970
0.01562       3.51080
0.01953       5.89305
0.02344       3.08308
0.02734       4.78048
0.03125       4.80853
0.03516       7.16088
0.03906       6.56328
0.04297       5.01109
0.04688       6.77021
0.05078       5.29461
0.05469       6.94307
0.05859       2.79912
0.06250       4.85974
0.06641       6.74951
0.07031       3.34572
0.07422       5.75079
0.07812       3.72389
0.08203       5.81774
0.08594       6.55136
0.08984      10.06709
0.09375       9.36385
0.09766       4.77697
0.10156       5.67862
0.10547       9.90849
0.10938      11.09340
0.11328      17.20218
0.11719      18.28481
0.12109      18.29951
0.12500      18.49296
0.12891      24.60110
0.13281      14.14945
0.13672      16.02871
0.14062      22.30294
0.14453      27.38641
0.14844      26.82838
0.15234      34.68480
0.15625      21.48606
0.16016      30.94186
0.16406      33.02617
0.16797      23.58679
0.17188      19.78999
0.17578      22.42704
0.17969      28.52738
0.18359      30.68970
0.18750      23.66911
0.19141      33.40058
0.19531      23.78675
0.19922      36.93943
0.20312      23.74207
0.20703      24.69815
0.21094      28.15082
0.21484      26.91464
0.21875      26.41328
0.22266      30.18756
0.22656      34.41399
0.23047      26.28920
0.23438      30.60140
0.23828      23.53571
0.24219      31.79014
0.24609      30.46997
0.25000      37.82960
0.25391      36.45397
0.25781      34.76603
0.26172      29.10863
0.26562      36.64832
0.26953      29.41592
0.27344      29.99255
0.27734      27.09429
0.28125      29.33639
0.28516      36.15561
0.28906      26.24068
0.29297      29.40858
0.29688      27.37507
0.30078      25.57525
0.30469      32.52337
0.30859      33.02900
0.31250      28.70747
0.31641      23.89649
0.32031      29.90599
0.32422      27.52119
0.32812      35.08493
0.33203      29.18507
0.33594      39.72684
0.33984      29.04596
0.34375      28.04049
0.34766      25.10964
0.35156      29.20489
0.35547      23.89099
0.35938      28.01488
0.36328      34.60716
0.36719      28.04915
0.37109      19.54432
0.37500      20.33547
0.37891      21.49514
0.38281      39.56866
0.38672      22.70369
0.39062      28.52700
0.39453      18.23494
0.39844      21.05441
0.40234      23.59120
0.40625      16.47795
0.41016      25.69891
0.41406      18.14164
0.41797      20.50826
0.42188      26.64216
0.42578      24.34974
0.42969      18.17836
0.43359      21.80299
0.43750      17.95209
0.44141      30.80730
0.44531      22.84760
0.44922      18.46450
0.45312      25.16383
0.45703      28.01235
0.46094      22.08846
0.46484      24.02469
0.46875      30.77323
0.47266      15.54841
0.47656      14.92450
0.48047      20.52655
0.48438      19.85468
0.48828      20.13983
0.49219      25.23119
0.49609      16.42736
0.50000      24.90443
0.50391      18.45383
0.50781      18.32926
0.51172      21.25334
0.51562      18.14599
0.51953      18.75937
0.52344      20.06308
0.52734      24.57549
0.53125      20.74497
0.53516      23.90424
0.53906      22.96891
0.54297      25.89409
0.54688      20.09677
0.55078      22.01906
0.55469      31.27208
0.55859      29.45362
0.56250      32.81371
0.56641      34.11991
0.57031      32.43954
0.57422      30.59285
0.57812      24.46092
0.58203      36.55763
0.58594      30.42693
0.58984      42.61655
0.59375      32.97080
0.59766      34.84011
0.60156      36.92057
0.60547      37.43107
0.60938      33.29829
0.61328      29.69107
0.61719      31.38916
0.62109      29.09262
0.62500      39.31599
0.62891      37.42217
0.63281      45.70045
0.63672      25.96966
0.64062      33.41728
0.64453      29.87270
0.64844      18.47871
0.65234      23.08222
0.65625      20.27273
0.66016      26.52950
0.66406      30.67771
0.66797      23.09251
0.67188      28.41619
0.67578      21.58683
0.67969      15.25290
0.68359      14.20366
0.68750      27.66822
0.69141      24.74830
0.69531      19.56922
0.69922      25.07724
0.70312      23.47422
0.70703      27.50950
0.71094      23.64109
0.71484      22.34244
0.71875      17.58182
0.72266      24.37653
0.72656      19.86183
0.73047      20.71442
0.73438      17.05727
0.73828      23.08869
0.74219      22.49807
0.74609      15.39830
0.75000      21.31884
0.75391      13.85740
0.75781      18.97991
0.76172      14.13961
0.76562      18.03448
0.76953      18.06736
0.77344      28.63092
0.77734      10.70602
0.78125      27.43463
0.78516      20.93617
0.78906      16.47870
0.79297      20.49334
0.79688      15.30745
0.80078      11.58814
0.80469      12.99718
0.80859      11.02251
0.81250       9.61567
0.81641       7.22216
0.82031      10.75947
0.82422       6.64546
0.82812       6.70411
0.83203       5.38287
0.83594       4.83270
0.83984       5.84826
0.84375       7.79857
0.84766       9.68104
0.85156       8.19442
0.85547       4.85297
0.85938       6.35814
0.86328       6.72869
0.86719       6.27231
0.87109       7.79018
0.87500       7.63031
0.87891       2.94121
0.88281       2.21241
0.88672       2.85391
0.89062       6.82863
0.89453       4.69333
0.89844       5.26879
0.90234       5.87166
0.90625       3.35671
0.91016       1.59290
0.91406       3.39916
0.91797       8.74383
0.92188       5.95618
0.92578       4.00716
0.92969       5.64228
0.93359       8.68088
0.93750       5.83735
0.94141       4.08535
0.94531       5.66863
0.94922       2.97837
0.95312       2.13400
0.95703       6.38368
0.96094       6.57669
0.96484       6.01917
0.96875       3.73395
0.97266      10.32083
0.97656       5.17807
0.98047       2.93098
0.98438       8.09099
0.98828       4.55795
0.99219       4.96336
0.99609       8.62715
