0.00000       1.32027
0.00391       4.43354
0.00781       6.38377
0.01172       7.87391
0.01562       6.28249
0.01953       9.28142
0.02344       6.23890
0.02734       4.63685
0.03125       3.70080
0.03516       5.11588
0.03906       4.87983
0.04297       6.08893
0.04688       5.61391
0.05078       5.41760
0.05469       1.73087
0.05859       8.06216
0.06250       2.53238
0.06641       5.22229
0.07031       3.34228
0.07422       6.25221
0.07812       3.09059
0.08203       4.98947
0.08594       4.79453
0.08984       5.68043
0.09375       1.38601
0.09766       5.61574
0.10156       6.64280
0.10547       7.04871
0.10938       5.06130
0.11328       5.24257
0.11719       6.73751
0.12109       7.11459
0.12500       6.15962
0.12891       3.09787
0.13281       8.20343
0.13672       6.04028
0.14062       5.95503
0.14453      11.00802
0.14844       6.62243
0.15234       9.21729
0.15625       6.83111
0.16016       8.31774
0.16406       7.84866
0.16797       4.63649
0.17188       4.87964
0.17578       7.53263
0.17969       8.38890
0.18359       4.55368
0.18750       3.77462
0.19141       4.59408
0.19531       6.82847
0.19922       6.64607
0.20312      10.96380
0.20703      10.33585
0.21094      10.64327
0.21484      18.67312
0.21875      24.17090
0.22266      17.49608
0.22656      32.27009
0.23047      60.62722
0.23438      87.82021
0.23828     123.87574
0.24219     107.36305
0.24609     103.84137
0.25000      88.73288
0.25391      86.61816
0.25781      79.87112
0.26172      78.03939
0.26562      58.71485
0.26953      57.39365
0.27344      57.15172
0.27734      47.01570
0.28125      47.34220
0.28516      44.15975
0.28906      54.54069
0.29297      28.73896
0.29688      36.54658
0.30078      34.31761
0.30469      22.20310
0.30859      20.50617
0.31250      14.64232
0.31641      21.54508
0.32031      19.37068
0.32422      16.94492
0.32812      15.15309
0.33203      12.42664
0.33594      20.28473
0.33984      17.07610
0.34375      15.37360
0.34766      17.39677
0.35156      19.83221
0.35547      14.07971
0.35938      28.68624
0.36328      25.98218
0.36719      22.61898
0.37109      26.18657
0.37500      22.96087
0.37891      19.93984
0.38281      20.34578
0.38672      18.96158
0.39062      20.43725
0.39453      19.51935
0.39844      19.66321
0.40234      23.11855
0.40625      16.25237
0.41016      16.91365
0.41406      18.22276
0.41797      16.49634
0.42188      17.70371
0.42578      12.69095
0.42969      14.65848
0.43359      15.32696
0.43750      12.23269
0.44141      11.50854
0.44531      13.71241
0.44922      16.81472
0.45312      18.73428
0.45703      18.13369
0.46094      15.05278
0.46484      18.72646
0.46875      21.06928
0.47266      21.07882
0.47656      19.69108
0.48047      24.25811
0.48438      18.68063
0.48828      29.19368
0.49219      30.80477
0.49609      24.10224
0.50000      30.35610
0.50391      23.19635
0.50781      23.15026
0.51172      24.83421
0.51562      27.01013
0.51953      29.74272
0.52344      21.39796
0.52734      27.05426
0.53125      17.09627
0.53516      26.67969
0.53906      26.67919
0.54297      17.56918
0.54688      22.25738
0.55078      22.47930
0.55469      30.46789
0.55859      33.16885
0.56250      22.54810
0.56641      35.07389
0.57031      25.83644
0.57422      32.68985
0.57812      27.94881
0.58203      28.50466
0.58594      32.33796
0.58984      24.26333
0.59375      21.99555
0.59766      20.55162
0.60156      23.39235
0.60547      18.25837
0.60938      17.90445
0.61328      14.40663
0.61719      10.42531
0.62109      16.76625
0.62500      12.76930
0.62891      20.15908
0.63281      23.05472
0.63672      17.21038
0.64062      23.26055
0.64453      23.19721
0.64844      21.35093
0.65234      27.64472
0.65625      25.51590
0.66016      29.85906
0.66406      29.63573
0.66797      35.18604
0.67188      56.28225
0.67578      79.71679
0.67969     124.28664
0.68359     167.54513
0.68750     148.70254
0.69141      84.74304
0.69531      38.53986
0.69922      28.19386
0.70312      21.98795
0.70703      11.28420
0.71094       7.77368
0.71484      12.42571
0.71875      10.23998
0.72266      20.78637
0.72656      20.71260
0.73047      20.27113
0.73438      15.32724
0.73828      15.52955
0.74219      15.03071
0.74609       9.13538
0.75000       9.93537
0.75391      12.13174
0.75781       8.23521
0.76172       3.76764
0.76562       8.99317
0.76953       8.65166
0.77344       8.12644
0.77734       7.99116
0.78125       6.09149
0.78516       6.85497
0.78906       3.56696
0.79297       2.65828
0.79688       8.41072
0.80078       7.40018
0.80469       2.32496
0.80859       4.82377
0.81250       6.39370
0.81641       2.53239
0.82031       5.36071
0.82422       4.23993
0.82812       3.34812
0.83203       3.78247
0.83594       7.84818
0.83984       3.80755
0.84375       8.56311
0.84766       3.96002
0.85156       7.08213
0.85547      11.09682
0.85938       6.20115
0.86328       1.35936
0.86719       5.76710
0.87109       5.94296
0.87500       1.24072
0.87891       6.82713
0.88281       1.81440
0.88672       1.32777
0.89062       3.97883
0.89453       5.92534
0.89844       5.43240
0.90234       3.36951
0.90625       6.30670
0.91016       5.09909
0.91406       6.82884
0.91797       4.15921
0.92188       1.59941
0.92578       6.14896
0.92969       5.32663
0.93359       3.30028
0.93750       8.53664
0.94141       5.16657
0.94531       6.33579
0.94922       4.18986
0.95312       7.00135
0.95703       3.62239
0.96094       6.26062
0.96484       7.01738
0.96875       5.74289
0.97266       6.41499
0.97656       3.56495
0.98047       6.66862
0.98438       7.78147
0.98828       6.05041
0.99219       3.16767
0.99609       3.68164
