0.00000       3.33263
0.00391       8.65122
0.00781       8.40340
0.01172       6.14932
0.01562       3.06594
0.01953       3.99637
0.02344       3.68577
0.02734       5.81889
0.03125       5.45131
0.03516       5.57275
0.03906       4.08354
0.04297       2.61368
0.04688       6.50910
0.05078       5.16686
0.05469       4.95444
0.05859       5.88636
0.06250       3.11345
0.06641       6.19666
0.07031       6.22649
0.07422       6.62127
0.07812       4.35252
0.08203       7.12106
0.08594       5.78232
0.08984       6.74003
0.09375       6.94946
0.09766       5.46485
0.10156       4.60335
0.10547       4.58126
0.10938       6.80375
0.11328       2.52218
0.11719       5.24629
0.12109       6.72104
0.12500       5.36274
0.12891       5.20878
0.13281       6.04439
0.13672       7.40097
0.14062       7.39605
0.14453       7.89637
0.14844       7.64072
0.15234       6.73499
0.15625       8.33135
0.16016       8.79676
0.16406      12.96160
0.16797      10.61027
0.17188      14.80325
0.17578      22.27036
0.17969      22.47425
0.18359      28.30073
0.18750      29.06132
0.19141      27.44332
0.19531      41.22923
0.19922      31.89996
0.20312      29.26105
0.20703      43.38693
0.21094      37.63517
0.21484      42.13570
0.21875      34.85382
0.22266      46.98259
0.22656      51.81728
0.23047      47.23386
0.23438      37.93219
0.23828      50.95942
0.24219      56.90113
0.24609      35.70495
0.25000      56.08265
0.25391      38.92032
0.25781      49.54403
0.26172      51.90063
0.26562      38.59289
0.26953      46.71467
0.27344      46.92610
0.27734      43.44820
0.28125      46.75136
0.28516      42.33564
0.28906      55.40704
0.29297      39.61829
0.29688      51.41447
0.30078      24.00273
0.30469      29.45603
0.30859      31.93337
0.31250      31.22159
0.31641      37.46692
0.32031      30.34204
0.32422      26.54707
0.32812      27.03069
0.33203      21.49235
0.33594      22.99947
0.33984      15.27720
0.34375      24.83365
0.34766      23.89811
0.35156      28.89978
0.35547      17.61396
0.35938      15.00099
0.36328      15.20471
0.36719      13.73325
0.37109      15.09408
0.37500      19.65364
0.37891      14.07197
0.38281      22.50668
0.38672      18.46616
0.39062      20.52863
0.39453      17.81876
0.39844      18.26247
0.40234      20.53197
0.40625      21.64660
0.41016      21.80222
0.41406      22.26805
0.41797      20.07435
0.42188      14.97493
0.42578      26.93884
0.42969      20.91291
0.43359      22.08780
0.43750      15.29801
0.44141      18.22957
0.44531      16.77085
0.44922      25.50163
0.45312      17.26500
0.45703      22.62173
0.46094      14.75012
0.46484      25.10215
0.46875      17.07811
0.47266      24.50413
0.47656      18.28873
0.48047      19.44176
0.48438      16.86853
0.48828      17.36645
0.49219      20.92736
0.49609      16.29672
0.50000      27.12357
0.50391      26.34588
0.50781      20.76017
0.51172      31.59710
0.51562      29.50387
0.51953      23.39736
0.52344      23.14596
0.52734      20.84043
0.53125      26.30456
0.53516      24.50518
0.53906      28.30458
0.54297      26.70633
0.54688      23.46747
0.55078      19.90438
0.55469      28.53545
0.55859      28.83024
0.56250      26.50828
0.56641      16.37316
0.57031      23.24924
0.57422      20.30133
0.57812      24.53024
0.58203      23.33845
0.58594      22.86484
0.58984      29.43841
0.59375      22.75312
0.59766      27.58664
0.60156      24.37039
0.60547      21.88600
0.60938      26.83407
0.61328      30.78588
0.61719      23.79123
0.62109      37.14353
0.62500      43.39240
0.62891      39.72989
0.63281      45.74299
0.63672      38.23351
0.64062      44.26244
0.64453      42.52492
0.64844      45.49636
0.65234      45.63667
0.65625      35.52498
0.66016      39.93929
0.66406      35.67866
0.66797      39.77972
0.67188      34.34996
0.67578      26.94378
0.67969      38.50581
0.68359      30.96933
0.68750      29.51629
0.69141      43.47679
0.69531      42.02975
0.69922      37.83447
0.70312      24.18517
0.70703      26.08087
0.71094      35.27077
0.71484      29.15973
0.71875      26.22938
0.72266      29.31065
0.72656      35.08416
0.73047      21.19389
0.73438      32.10615
0.73828      30.82058
0.74219      27.00993
0.74609      12.57566
0.75000      15.63679
0.75391      10.99530
0.75781       8.88376
0.76172       7.23530
0.76562       8.65461
0.76953       9.30265
0.77344       8.44965
0.77734       7.25273
0.78125       3.26788
0.78516      10.62429
0.78906       9.32845
0.79297       6.94511
0.79688       6.52654
0.80078       6.63259
0.80469       5.51572
0.80859      10.85684
0.81250       5.69865
0.81641       6.90114
0.82031       3.30843
0.82422       5.09459
0.82812       5.04479
0.83203       5.88434
0.83594       4.07900
0.83984       6.57219
0.84375       5.62713
0.84766       8.10520
0.85156       6.32373
0.85547       3.06632
0.85938       6.92222
0.86328       5.78325
0.86719       2.03994
0.87109       7.67178
0.87500       1.83053
0.87891       4.23477
0.88281       5.67798
0.88672       6.05310
0.89062       4.95135
0.89453       5.86610
0.89844       3.10518
0.90234       3.65168
0.90625       5.65300
0.91016       1.76073
0.91406       8.19082
0.91797       7.16069
0.92188       5.69986
0.92578       3.83850
0.92969       1.99636
0.93359       5.09356
0.93750       4.28768
0.94141       7.77857
0.94531       8.25639
0.94922       5.62456
0.95312       5.77150
0.95703       5.27047
0.96094       5.14594
0.96484       3.47345
0.96875       2.83740
0.97266       8.47380
0.97656       3.54988
0.98047       6.67542
0.98438       7.12043
0.98828       5.78114
0.99219       3.98087
0.99609       3.80385
