0.00000       0.63444
0.00391       4.84033
0.00781       6.67010
0.01172       7.18080
0.01562       6.28249
0.01953      10.03779
0.02344       5.48253
0.02734       4.63685
0.03125       4.20516
0.03516       5.02988
0.03906       4.46146
0.04297       6.90746
0.04688       4.79538
0.05078       5.41760
0.05469       1.73087
0.05859       8.06216
0.06250       2.53238
0.06641       5.22229
0.07031       3.25543
0.07422       6.33906
0.07812       3.09059
0.08203       4.98947
0.08594       5.20277
0.08984       6.13495
0.09375       1.09696
0.09766       5.47782
0.10156       7.76452
0.10547       6.69720
0.10938       4.49695
0.11328       5.18887
0.11719       7.66912
0.12109       6.00532
0.12500       5.31377
0.12891       3.53345
0.13281       8.20343
0.13672       6.04028
0.14062       5.36708
0.14453      12.02226
0.14844       6.19614
0.15234       9.21729
0.15625       7.74902
0.16016       8.91085
0.16406       6.33764
0.16797       4.36915
0.17188       6.34294
0.17578       6.33667
0.17969       8.38890
0.18359       4.55368
0.18750       3.77462
0.19141       4.59408
0.19531       6.82847
0.19922       7.30174
0.20312      11.74838
0.20703       8.89560
0.21094      10.65634
0.21484      19.14341
0.21875      23.68753
0.22266      17.49608
0.22656      34.12669
0.23047      66.00175
0.23438      85.52244
0.23828     123.11794
0.24219     108.29471
0.24609     104.56384
0.25000      88.37654
0.25391      80.27033
0.25781      87.78298
0.26172      73.94595
0.26562      62.58710
0.26953      54.34266
0.27344      54.54990
0.27734      50.02473
0.28125      46.52717
0.28516      43.99776
0.28906      53.17122
0.29297      26.91302
0.29688      40.99240
0.30078      31.27113
0.30469      22.31436
0.30859      18.99557
0.31250      15.13727
0.31641      21.05013
0.32031      20.31458
0.32422      16.00103
0.32812      16.12532
0.33203      11.03424
0.33594      20.70489
0.33984      17.92934
0.34375      16.12720
0.34766      16.21100
0.35156      19.41114
0.35547      16.25222
0.35938      26.72704
0.36328      28.34530
0.36719      21.16837
0.37109      26.98088
0.37500      23.97461
0.37891      18.00662
0.38281      18.62576
0.38672      21.26334
0.39062      19.28300
0.39453      21.06928
0.39844      19.30650
0.40234      22.47398
0.40625      16.45351
0.41016      17.18594
0.41406      17.67723
0.41797      15.03744
0.42188      18.77542
0.42578      12.17346
0.42969      14.65848
0.43359      15.32696
0.43750      12.23269
0.44141      11.50854
0.44531      13.30269
0.44922      15.91863
0.45312      21.03364
0.45703      16.36647
0.46094      16.64559
0.46484      19.78959
0.46875      20.11557
0.47266      21.71033
0.47656      18.13100
0.48047      24.24964
0.48438      20.53797
0.48828      28.45032
0.49219      31.39039
0.49609      23.07541
0.50000      32.08735
0.50391      24.37479
0.50781      19.16034
0.51172      26.01789
0.51562      27.55250
0.51953      28.88031
0.52344      22.25950
0.52734      26.50577
0.53125      16.33551
0.53516      26.67969
0.53906      27.58786
0.54297      17.61247
0.54688      21.95382
0.55078      24.36466
0.55469      28.73125
0.55859      33.73010
0.56250      23.06995
0.56641      32.64950
0.57031      27.55500
0.57422      32.42563
0.57812      27.68781
0.58203      29.93155
0.58594      32.46202
0.58984      23.25398
0.59375      23.19186
0.59766      18.65547
0.60156      23.36741
0.60547      19.27466
0.60938      16.42218
0.61328      13.43190
0.61719      11.40004
0.62109      18.17192
0.62500      13.16134
0.62891      21.00005
0.63281      21.26869
0.63672      18.48489
0.64062      21.85363
0.64453      22.98741
0.64844      22.43092
0.65234      27.22951
0.65625      24.51986
0.66016      31.86325
0.66406      28.43870
0.66797      37.60692
0.67188      60.81334
0.67578      74.15328
0.67969     129.58080
0.68359     171.35568
0.68750     145.34170
0.69141      80.30190
0.69531      38.82900
0.69922      25.43985
0.70312      20.77530
0.70703      11.28420
0.71094       7.77368
0.71484      12.42571
0.71875      10.72850
0.72266      20.70503
0.72656      18.93280
0.73047      22.13471
0.73438      14.83629
0.73828      15.52955
0.74219      15.85991
0.74609       9.70515
0.75000       8.53641
0.75391      12.72087
0.75781       7.64608
0.76172       4.94414
0.76562       7.81667
0.76953       8.65166
0.77344       8.90603
0.77734       8.37311
0.78125       4.92995
0.78516       6.85497
0.78906       3.56696
0.79297       3.47797
0.79688       8.05796
0.80078       7.90441
0.80469       1.35379
0.80859       4.82377
0.81250       6.39370
0.81641       2.53239
0.82031       5.36071
0.82422       4.23993
0.82812       3.34812
0.83203       3.78247
0.83594       7.84818
0.83984       4.73504
0.84375       7.63562
0.84766       3.96002
0.85156       7.08213
0.85547      10.63626
0.85938       6.66171
0.86328       1.78958
0.86719       4.74719
0.87109       6.53266
0.87500       1.24072
0.87891       6.82713
0.88281       1.81440
0.88672       2.21601
0.89062       3.51207
0.89453       6.26194
0.89844       4.67432
0.90234       4.11715
0.90625       5.55906
0.91016       5.09909
0.91406       7.76747
0.91797       3.22058
0.92188       1.59941
0.92578       7.55264
0.92969       3.92295
0.93359       3.30028
0.93750       8.53664
0.94141       5.16657
0.94531       6.33579
0.94922       5.38011
0.95312       6.25357
0.95703       3.17991
0.96094       8.68644
0.96484       5.10000
0.96875       5.68229
0.97266       5.96714
0.97656       3.56495
0.98047       7.14902
0.98438       7.30108
0.98828       6.05041
0.99219       2.61320
0.99609       4.92194
