0.00000       0.63444
0.00391       4.84033
0.00781       6.67010
0.01172       7.18080
0.01562       6.28249
0.01953      10.03779
0.02344       5.48253
0.02734       4.63685
0.03125       4.20516
0.03516       5.02988
0.03906       4.46146
0.04297       6.90746
0.04688       4.28475
0.05078       5.92823
0.05469       1.73087
0.05859       7.17651
0.06250       3.41803
0.06641       5.22229
0.07031       3.25543
0.07422       6.33906
0.07812       3.09059
0.08203       5.96595
0.08594       4.22629
0.08984       6.13495
0.09375       1.55880
0.09766       5.01598
0.10156       8.22011
0.10547       6.24161
0.10938       4.49695
0.11328       4.04173
0.11719       8.81626
0.12109       6.46298
0.12500       4.85611
0.12891       4.22307
0.13281       7.51382
0.13672       6.04028
0.14062       5.36708
0.14453      12.02226
0.14844       6.92168
0.15234       8.49175
0.15625       7.74902
0.16016       8.91085
0.16406       6.33764
0.16797       4.36915
0.17188       6.34294
0.17578       6.33667
0.17969       8.38890
0.18359       3.71078
0.18750       4.61752
0.19141       4.59408
0.19531       7.32946
0.19922       6.05302
0.20312      12.49611
0.20703       8.89560
0.21094      11.61601
0.21484      19.11269
0.21875      22.75859
0.22266      17.49608
0.22656      36.33351
0.23047      65.30719
0.23438      84.04741
0.23828     123.29148
0.24219     109.56503
0.24609     108.14541
0.25000      86.45312
0.25391      78.57293
0.25781      88.09043
0.26172      76.41722
0.26562      58.94057
0.26953      54.32907
0.27344      54.40967
0.27734      48.62359
0.28125      50.53876
0.28516      40.78757
0.28906      53.80147
0.29297      26.46232
0.29688      40.15358
0.30078      34.01053
0.30469      21.92996
0.30859      17.47939
0.31250      15.13727
0.31641      21.67751
0.32031      20.66407
0.32422      15.52761
0.32812      15.62185
0.33203      11.03424
0.33594      20.70489
0.33984      18.40464
0.34375      15.65190
0.34766      16.21100
0.35156      19.22973
0.35547      18.18135
0.35938      26.42815
0.36328      25.90690
0.36719      23.04346
0.37109      25.70971
0.37500      22.48455
0.37891      19.88230
0.38281      18.62576
0.38672      21.26334
0.39062      20.03859
0.39453      19.90937
0.39844      20.78426
0.40234      20.45002
0.40625      17.93596
0.41016      16.65402
0.41406      18.59528
0.41797      14.59453
0.42188      19.15524
0.42578      12.53027
0.42969      13.44671
0.43359      15.89049
0.43750      12.54847
0.44141      10.62924
0.44531      13.88260
0.44922      15.97738
0.45312      21.82428
0.45703      15.43105
0.46094      16.83891
0.46484      18.20114
0.46875      22.39860
0.47266      19.61536
0.47656      19.70218
0.48047      24.27836
0.48438      19.02954
0.48828      29.06274
0.49219      32.59445
0.49609      21.13986
0.50000      32.82813
0.50391      24.37479
0.50781      19.63432
0.51172      26.16422
0.51562      28.45678
0.51953      24.93201
0.52344      25.19496
0.52734      25.46767
0.53125      16.86186
0.53516      25.32620
0.53906      30.70498
0.54297      15.58094
0.54688      22.22172
0.55078      25.14027
0.55469      29.08434
0.55859      31.61148
0.56250      25.43547
0.56641      33.59509
0.57031      25.23382
0.57422      32.42563
0.57812      27.95457
0.58203      28.17335
0.58594      33.12832
0.58984      24.07911
0.59375      23.68654
0.59766      19.56127
0.60156      21.49181
0.60547      19.74976
0.60938      15.88445
0.61328      13.96963
0.61719      11.84786
0.62109      17.72411
0.62500      12.69122
0.62891      24.15156
0.63281      18.12319
0.63672      19.63117
0.64062      21.17145
0.64453      22.98741
0.64844      21.56933
0.65234      28.77374
0.65625      22.85512
0.66016      33.14713
0.66406      28.22413
0.66797      37.60340
0.67188      61.14613
0.67578      75.62675
0.67969     126.51068
0.68359     172.55217
0.68750     147.22784
0.69141      79.32975
0.69531      38.69589
0.69922      25.63428
0.70312      19.78369
0.70703      11.28420
0.71094       7.77368
0.71484      12.42571
0.71875      10.72850
0.72266      19.44192
0.72656      20.19591
0.73047      23.08728
0.73438      13.88371
0.73828      15.52955
0.74219      15.85991
0.74609       9.70515
0.75000       8.53641
0.75391      12.72087
0.75781       7.64608
0.76172       4.94414
0.76562       7.81667
0.76953       8.65166
0.77344       8.90603
0.77734       7.79430
0.78125       5.50876
0.78516       6.85497
0.78906       3.56696
0.79297       3.47797
0.79688       7.41700
0.80078       8.54538
0.80469       1.35379
0.80859       4.82377
0.81250       6.39370
0.81641       2.53239
0.82031       5.36071
0.82422       5.00663
0.82812       2.58142
0.83203       3.78247
0.83594       7.84818
0.83984       4.73504
0.84375       7.63562
0.84766       3.96002
0.85156       6.37181
0.85547      11.34658
0.85938       6.66171
0.86328       1.78958
0.86719       4.74719
0.87109       6.53266
0.87500       1.24072
0.87891       6.82713
0.88281       1.81440
0.88672       2.21601
0.89062       3.51207
0.89453       6.26194
0.89844       4.67432
0.90234       4.59545
0.90625       5.08077
0.91016       5.09909
0.91406       7.12649
0.91797       3.86155
0.92188       1.59941
0.92578       7.55264
0.92969       3.92295
0.93359       3.30028
0.93750       8.08067
0.94141       5.62254
0.94531       5.48852
0.94922       6.22738
0.95312       6.25357
0.95703       3.17991
0.96094       8.68644
0.96484       5.10000
0.96875       5.68229
0.97266       6.37501
0.97656       3.15708
0.98047       7.59508
0.98438       6.85502
0.98828       6.05041
0.99219       2.61320
0.99609       4.92194
