0.00000      79.96268
0.00391      87.43958
0.00781      85.64264
0.01172      88.01758
0.01562      68.97877
0.01953      88.51457
0.02344      88.18804
0.02734      83.01686
0.03125      91.98864
0.03516      77.75679
0.03906      89.85907
0.04297      81.18848
0.04688      83.61503
0.05078      96.90952
0.05469      92.60408
0.05859      82.06031
0.06250      71.70202
0.06641      89.19186
0.07031      84.00068
0.07422      83.35357
0.07812      79.51043
0.08203      73.88650
0.08594      89.66368
0.08984      76.83792
0.09375      76.10854
0.09766      87.60122
0.10156      78.72106
0.10547      82.14074
0.10938     106.06112
0.11328      78.06221
0.11719      76.61468
0.12109      77.51327
0.12500     102.08548
0.12891      89.04684
0.13281      84.10832
0.13672      92.84813
0.14062      78.97011
0.14453      95.59946
0.14844      88.89133
0.15234      90.75859
0.15625      87.27679
0.16016      91.39919
0.16406      91.70227
0.16797      95.04481
0.17188      86.09451
0.17578      80.85887
0.17969      86.65636
0.18359      91.39021
0.18750      95.23351
0.19141      94.69669
0.19531      88.16311
0.19922      86.19355
0.20312      81.92943
0.20703      84.93749
0.21094      70.60886
0.21484      98.55751
0.21875      91.19552
0.22266      67.19611
0.22656      96.07400
0.23047      93.76963
0.23438      80.55055
0.23828      79.34330
0.24219      84.61918
0.24609      97.48666
0.25000      91.63190
0.25391      92.62294
0.25781      87.03988
0.26172      98.25293
0.26562      79.82650
0.26953      75.79670
0.27344      90.65624
0.27734      72.88603
0.28125      85.32520
0.28516      82.70493
0.28906      81.77252
0.29297      83.01420
0.29688      84.92782
0.30078      69.49685
0.30469      86.79248
0.30859      86.38087
0.31250      95.05424
0.31641      92.96091
0.32031     105.68474
0.32422      93.67856
0.32812      96.26715
0.33203      84.72830
0.33594      92.16093
0.33984      85.23478
0.34375      83.56937
0.34766      84.97071
0.35156      78.39460
0.35547      81.66082
0.35938      80.36376
0.36328      99.02995
0.36719      84.57728
0.37109      75.36366
0.37500      88.69809
0.37891      78.81951
0.38281      84.04777
0.38672      86.26155
0.39062      90.83735
0.39453      97.91689
0.39844      76.97018
0.40234      89.16811
0.40625      88.76810
0.41016      82.33188
0.41406      99.02489
0.41797      90.61880
0.42188      89.59523
0.42578      86.22895
0.42969      95.24997
0.43359      79.10747
0.43750      99.53715
0.44141      90.84937
0.44531      89.25116
0.44922      88.66132
0.45312      80.63327
0.45703      85.87161
0.46094      80.07073
0.46484      98.88061
0.46875      82.65916
0.47266      87.54146
0.47656      89.75055
0.48047      79.87257
0.48438      77.83497
0.48828      84.55667
0.49219      85.79551
0.49609      75.51668
0.50000      78.99380
0.50391      80.55802
0.50781      91.05456
0.51172      92.53782
0.51562      84.02727
0.51953      84.73223
0.52344      93.72439
0.52734      79.19922
0.53125      90.62144
0.53516      93.00864
0.53906      85.71479
0.54297      87.63691
0.54688      86.81901
0.55078      77.33350
0.55469      84.75866
0.55859      88.85942
0.56250      79.90022
0.56641      86.21649
0.57031      79.52525
0.57422      77.07302
0.57812     101.99598
0.58203      74.78673
0.58594      83.63491
0.58984      90.31211
0.59375      79.42257
0.59766     104.82697
0.60156      81.39259
0.60547      75.91685
0.60938      81.76108
0.61328      90.01189
0.61719      84.24303
0.62109      78.83640
0.62500      83.66178
0.62891      77.68027
0.63281      93.94476
0.63672      92.72736
0.64062      86.00835
0.64453      84.67399
0.64844      88.94321
0.65234     101.71423
0.65625      96.25837
0.66016      94.65062
0.66406      95.77066
0.66797      86.51608
0.67188      97.06884
0.67578      65.94405
0.67969      80.67107
0.68359      87.94422
0.68750      86.65137
0.69141      92.22031
0.69531      94.21776
0.69922      77.06752
0.70312      82.16370
0.70703      82.78369
0.71094      87.90197
0.71484      82.24755
0.71875      81.33980
0.72266      85.83309
0.72656      95.35827
0.73047      90.77300
0.73438      85.28861
0.73828      98.91262
0.74219      81.27824
0.74609      91.60249
0.75000      85.76717
0.75391      91.59271
0.75781      90.85009
0.76172      94.90160
0.76562      75.79171
0.76953      80.88214
0.77344      82.44471
0.77734      88.02318
0.78125      98.20718
0.78516      73.08367
0.78906      72.53465
0.79297      88.66863
0.79688      80.73741
0.80078      87.79016
0.80469      91.49673
0.80859      83.11348
0.81250      85.96226
0.81641      95.11844
0.82031      83.59029
0.82422      84.28814
0.82812      87.29988
0.83203      80.99637
0.83594      83.72379
0.83984      78.47672
0.84375      89.78972
0.84766      92.05080
0.85156      92.20377
0.85547      91.35880
0.85938      96.88620
0.86328      85.16164
0.86719      82.36870
0.87109      93.34241
0.87500      83.40677
0.87891      90.99100
0.88281      90.43978
0.88672      83.49407
0.89062      86.72636
0.89453      89.74863
0.89844      79.38917
0.90234      97.81271
0.90625      94.68585
0.91016      79.85025
0.91406      91.98055
0.91797      91.61957
0.92188      99.92845
0.92578      87.30961
0.92969      87.98498
0.93359      78.35375
0.93750      87.04952
0.94141      83.40362
0.94531      91.63638
0.94922      79.96752
0.95312      85.35344
0.95703      68.09441
0.96094      85.92422
0.96484      84.64448
0.96875      83.35706
0.97266      87.67077
0.97656     106.62561
0.98047      86.52062
0.98438      80.22179
0.98828     100.40575
0.99219      85.81645
0.99609      79.41269
