0.00000       0.63444
0.00391       4.84033
0.00781       7.08350
0.01172       6.76740
0.01562       6.28249
0.01953      10.03779
0.02344       5.89841
0.02734       4.22097
0.03125       4.20516
0.03516       5.56405
0.03906       3.92729
0.04297       6.90746
0.04688       4.79538
0.05078       5.41760
0.05469       1.73087
0.05859       8.06216
0.06250       2.53238
0.06641       5.22229
0.07031       3.25543
0.07422       6.33906
0.07812       3.09059
0.08203       4.98947
0.08594       5.20277
0.08984       5.27219
0.09375       1.95971
0.09766       5.47782
0.10156       7.76452
0.10547       6.69720
0.10938       4.49695
0.11328       5.83204
0.11719       7.02595
0.12109       6.60798
0.12500       5.14669
0.12891       3.09787
0.13281       8.66736
0.13672       5.57635
0.14062       5.95503
0.14453      11.00802
0.14844       7.34796
0.15234       8.49175
0.15625       7.74902
0.16016       9.38413
0.16406       5.86436
0.16797       5.07628
0.17188       5.63581
0.17578       6.33667
0.17969       8.38890
0.18359       4.55368
0.18750       3.77462
0.19141       4.59408
0.19531       6.82847
0.19922       7.30174
0.20312      12.55888
0.20703       8.98413
0.21094      10.38365
0.21484      20.11465
0.21875      22.08995
0.22266      18.00490
0.22656      33.61788
0.23047      67.38104
0.23438      86.59108
0.23828     124.05620
0.24219     110.86455
0.24609     102.22300
0.25000      83.97466
0.25391      83.64638
0.25781      86.24782
0.26172      74.59133
0.26562      62.32429
0.26953      56.17311
0.27344      51.90063
0.27734      49.84913
0.28125      50.69962
0.28516      42.06639
0.28906      50.48780
0.29297      28.62622
0.29688      39.27921
0.30078      33.17171
0.30469      21.99458
0.30859      17.41476
0.31250      15.70434
0.31641      22.10456
0.32031      19.66996
0.32422      16.01031
0.32812      15.13915
0.33203      12.28530
0.33594      20.02581
0.33984      18.14344
0.34375      15.52338
0.34766      16.80642
0.35156      19.27230
0.35547      16.58672
0.35938      27.13006
0.36328      26.96894
0.36719      22.58472
0.37109      25.99222
0.37500      22.56663
0.37891      19.91084
0.38281      18.42121
0.38672      21.65671
0.39062      18.17024
0.39453      21.63566
0.39844      20.28492
0.40234      21.65862
0.40625      16.19250
0.41016      17.63529
0.41406      16.75945
0.41797      16.98762
0.42188      16.82525
0.42578      12.17346
0.42969      15.27380
0.43359      14.71164
0.43750      12.99890
0.44141      11.54878
0.44531      12.90596
0.44922      16.81472
0.45312      20.21695
0.45703      18.18550
0.46094      14.33744
0.46484      19.78959
0.46875      20.11557
0.47266      21.71033
0.47656      19.56463
0.48047      22.81601
0.48438      20.53797
0.48828      30.09232
0.49219      30.67117
0.49609      22.61583
0.50000      32.61412
0.50391      25.51764
0.50781      18.78576
0.51172      25.47318
0.51562      26.33896
0.51953      28.88031
0.52344      23.88794
0.52734      25.08483
0.53125      17.78605
0.53516      25.02165
0.53906      27.58786
0.54297      18.33460
0.54688      22.19542
0.55078      25.12205
0.55469      28.34836
0.55859      32.39187
0.56250      25.65002
0.56641      31.47708
0.57031      26.13309
0.57422      32.43990
0.57812      28.67762
0.58203      28.94174
0.58594      31.51039
0.58984      24.69778
0.59375      22.24791
0.59766      19.10726
0.60156      23.36741
0.60547      20.26510
0.60938      15.93606
0.61328      12.92757
0.61719      12.69429
0.62109      16.87767
0.62500      13.16134
0.62891      23.68934
0.63281      18.57939
0.63672      19.16764
0.64062      21.17088
0.64453      22.98741
0.64844      23.33838
0.65234      26.75699
0.65625      26.06307
0.66016      29.88509
0.66406      27.85276
0.66797      37.92835
0.67188      61.19789
0.67578      79.20736
0.67969     128.41303
0.68359     176.22979
0.68750     138.26317
0.69141      78.49998
0.69531      41.34076
0.69922      23.91971
0.70312      19.78369
0.70703      11.28420
0.71094       7.77368
0.71484      12.42571
0.71875      11.59015
0.72266      21.40787
0.72656      18.33057
0.73047      22.12502
0.73438      13.88371
0.73828      15.52955
0.74219      15.85991
0.74609       9.70515
0.75000       8.53641
0.75391      12.72087
0.75781       7.64608
0.76172       4.94414
0.76562       7.81667
0.76953       8.65166
0.77344       8.90603
0.77734       8.37311
0.78125       4.92995
0.78516       6.85497
0.78906       3.56696
0.79297       3.47797
0.79688       9.35256
0.80078       6.60981
0.80469       1.35379
0.80859       4.82377
0.81250       6.39370
0.81641       2.53239
0.82031       5.36071
0.82422       4.23993
0.82812       3.81243
0.83203       3.31816
0.83594       7.84818
0.83984       4.73504
0.84375       7.63562
0.84766       3.96002
0.85156       7.08213
0.85547      11.51078
0.85938       5.78719
0.86328       1.78958
0.86719       5.33689
0.87109       5.94296
0.87500       1.24072
0.87891       6.82713
0.88281       1.81440
0.88672       2.21601
0.89062       3.51207
0.89453       6.26194
0.89844       5.08777
0.90234       3.70370
0.90625       5.55906
0.91016       5.09909
0.91406       8.23625
0.91797       2.75180
0.92188       2.05541
0.92578       7.09664
0.92969       3.92295
0.93359       3.30028
0.93750       8.53664
0.94141       5.16657
0.94531       6.33579
0.94922       5.38011
0.95312       6.73012
0.95703       2.70336
0.96094       9.58201
0.96484       4.20442
0.96875       5.68229
0.97266       6.37501
0.97656       3.15708
0.98047       7.14902
0.98438       7.30108
0.98828       6.05041
0.99219       3.58384
0.99609       3.95130
