0.00000       0.63444
0.00391       4.84033
0.00781       5.97698
0.01172       7.87391
0.01562       6.28249
0.01953       9.28142
0.02344       6.23890
0.02734       4.63685
0.03125       3.70080
0.03516       5.11588
0.03906       4.87983
0.04297       6.08893
0.04688       5.10328
0.05078       5.92823
0.05469       0.89995
0.05859       8.00744
0.06250       3.41803
0.06641       5.22229
0.07031       2.76058
0.07422       6.83391
0.07812       3.09059
0.08203       4.98947
0.08594       4.79453
0.08984       6.54319
0.09375       0.52326
0.09766       5.61574
0.10156       6.64280
0.10547       7.04871
0.10938       5.70293
0.11328       4.04173
0.11719       8.15745
0.12109       6.25385
0.12500       5.72404
0.12891       3.53345
0.13281       8.20343
0.13672       6.04028
0.14062       5.36708
0.14453      11.59598
0.14844       6.62243
0.15234       9.21729
0.15625       6.83111
0.16016       9.18534
0.16406       6.46981
0.16797       4.44062
0.17188       5.58676
0.17578       7.53263
0.17969       8.38890
0.18359       4.55368
0.18750       3.77462
0.19141       4.59408
0.19531       6.82847
0.19922       5.89834
0.20312      12.34481
0.20703       9.70257
0.21094      10.01693
0.21484      18.17373
0.21875      24.76973
0.22266      18.02297
0.22656      32.53682
0.23047      62.29419
0.23438      84.90806
0.23828     125.59427
0.24219     107.33724
0.24609     102.51753
0.25000      91.62793
0.25391      81.87101
0.25781      82.87435
0.26172      76.65219
0.26562      62.87882
0.26953      52.75576
0.27344      57.31629
0.27734      48.46673
0.28125      47.04616
0.28516      43.23571
0.28906      55.19752
0.29297      29.00617
0.29688      36.11833
0.30078      34.74585
0.30469      23.16942
0.30859      19.53984
0.31250      14.64232
0.31641      21.54508
0.32031      19.37068
0.32422      16.94492
0.32812      16.12532
0.33203      11.03424
0.33594      20.70489
0.33984      17.92934
0.34375      14.99232
0.34766      16.92481
0.35156      18.99607
0.35547      15.31137
0.35938      27.37984
0.36328      26.89306
0.36719      23.21932
0.37109      23.80289
0.37500      23.85344
0.37891      19.90667
0.38281      20.55034
0.38672      21.26334
0.39062      19.61046
0.39453      19.34151
0.39844      18.46483
0.40234      22.78866
0.40625      17.20290
0.41016      16.91365
0.41406      18.22276
0.41797      15.94212
0.42188      18.77542
0.42578      12.17346
0.42969      14.65848
0.43359      15.32696
0.43750      11.60101
0.44141      12.14022
0.44531      12.78404
0.44922      16.43729
0.45312      20.04009
0.45703      16.87614
0.46094      16.31033
0.46484      17.82520
0.46875      21.39121
0.47266      20.41740
0.47656      20.93183
0.48047      23.30737
0.48438      19.93330
0.48828      27.89406
0.49219      32.66564
0.49609      22.49827
0.50000      32.08278
0.50391      23.17105
0.50781      21.40520
0.51172      25.02545
0.51562      27.60336
0.51953      25.53323
0.52344      25.60745
0.52734      25.59702
0.53125      18.55351
0.53516      26.19656
0.53906      27.16232
0.54297      16.75328
0.54688      23.07327
0.55078      24.48437
0.55469      28.46283
0.55859      32.65308
0.56250      24.71315
0.56641      32.88045
0.57031      26.84956
0.57422      31.78844
0.57812      27.39146
0.58203      29.49596
0.58594      32.61868
0.58984      23.98112
0.59375      21.99555
0.59766      20.55162
0.60156      23.38322
0.60547      19.23478
0.60938      15.99660
0.61328      14.37245
0.61719      11.40004
0.62109      17.73821
0.62500      10.57392
0.62891      21.80635
0.63281      22.63087
0.63672      16.52763
0.64062      24.66354
0.64453      22.47698
0.64844      20.44347
0.65234      28.68354
0.65625      23.40638
0.66016      30.10717
0.66406      31.45299
0.66797      36.56182
0.67188      58.10453
0.67578      75.85154
0.67969     123.05798
0.68359     170.27074
0.68750     146.74250
0.69141      87.58572
0.69531      38.15476
0.69922      25.85188
0.70312      22.91540
0.70703      11.28420
0.71094       7.77368
0.71484      12.42571
0.71875      10.23998
0.72266      18.15953
0.72656      21.96681
0.73047      21.64375
0.73438      14.78035
0.73828      16.07645
0.74219      15.85991
0.74609       8.72662
0.75000       9.51494
0.75391      12.13174
0.75781       8.23521
0.76172       4.50018
0.76562       8.26063
0.76953       8.65166
0.77344       8.12644
0.77734       8.57389
0.78125       5.50876
0.78516       6.85497
0.78906       3.56696
0.79297       2.65828
0.79688       7.71619
0.80078       8.09471
0.80469       2.32496
0.80859       4.82377
0.81250       6.39370
0.81641       2.53239
0.82031       5.36071
0.82422       5.00663
0.82812       2.58142
0.83203       3.78247
0.83594       7.84818
0.83984       4.73504
0.84375       7.63562
0.84766       3.96002
0.85156       6.37181
0.85547      11.34658
0.85938       6.66171
0.86328       1.78958
0.86719       4.74719
0.87109       6.53266
0.87500       1.24072
0.87891       6.82713
0.88281       1.81440
0.88672       1.32777
0.89062       3.97883
0.89453       6.68343
0.89844       4.67432
0.90234       3.36951
0.90625       6.30670
0.91016       5.09909
0.91406       6.82884
0.91797       4.15921
0.92188       1.59941
0.92578       6.64897
0.92969       4.82662
0.93359       3.30028
0.93750       8.08067
0.94141       5.62254
0.94531       6.33579
0.94922       5.38011
0.95312       5.81109
0.95703       3.62239
0.96094       6.52067
0.96484       6.75733
0.96875       5.74289
0.97266       6.41499
0.97656       3.56495
0.98047       5.99264
0.98438       8.01435
0.98828       6.49352
0.99219       2.61320
0.99609       4.92194
