0.00000       0.63444
0.00391       4.84033
0.00781       6.67010
0.01172       7.18080
0.01562       6.28249
0.01953      10.03779
0.02344       5.48253
0.02734       4.63685
0.03125       4.20516
0.03516       5.02988
0.03906       4.46146
0.04297       6.90746
0.04688       4.79538
0.05078       5.41760
0.05469       1.73087
0.05859       8.06216
0.06250       2.53238
0.06641       5.22229
0.07031       2.76058
0.07422       6.83391
0.07812       3.09059
0.08203       4.98947
0.08594       5.20277
0.08984       6.13495
0.09375       1.09696
0.09766       5.47782
0.10156       7.76452
0.10547       6.69720
0.10938       4.49695
0.11328       5.18887
0.11719       7.66912
0.12109       5.59505
0.12500       6.15962
0.12891       3.09787
0.13281       8.20343
0.13672       6.04028
0.14062       5.36708
0.14453      11.59598
0.14844       6.62243
0.15234       9.21729
0.15625       6.83111
0.16016       9.82877
0.16406       6.33764
0.16797       5.07628
0.17188       5.63581
0.17578       6.33667
0.17969       8.38890
0.18359       4.55368
0.18750       3.77462
0.19141       4.59408
0.19531       6.82847
0.19922       7.30174
0.20312      11.74838
0.20703       8.89560
0.21094      10.65634
0.21484      20.74100
0.21875      22.08995
0.22266      17.49608
0.22656      33.69730
0.23047      65.67800
0.23438      85.35347
0.23828     124.31821
0.24219     109.34979
0.24609     101.53909
0.25000      88.61775
0.25391      82.18233
0.25781      85.49675
0.26172      76.91692
0.26562      60.41569
0.26953      55.22133
0.27344      54.69622
0.27734      48.05102
0.28125      48.50088
0.28516      44.53702
0.28906      52.63196
0.29297      26.91302
0.29688      40.99240
0.30078      31.27113
0.30469      21.77008
0.30859      19.53984
0.31250      15.13727
0.31641      21.67751
0.32031      19.68719
0.32422      16.00103
0.32812      16.12532
0.33203      11.45441
0.33594      20.28473
0.33984      17.92934
0.34375      15.71777
0.34766      16.97703
0.35156      19.05453
0.35547      16.25222
0.35938      26.16779
0.36328      27.22978
0.36719      22.84315
0.37109      27.40858
0.37500      22.57562
0.37891      18.97790
0.38281      18.62576
0.38672      21.26334
0.39062      19.28300
0.39453      21.06928
0.39844      17.68516
0.40234      24.28196
0.40625      16.26688
0.41016      17.18594
0.41406      17.67723
0.41797      15.03744
0.42188      18.77542
0.42578      12.17346
0.42969      14.65848
0.43359      15.32696
0.43750      12.99890
0.44141      10.74233
0.44531      13.71241
0.44922      15.50891
0.45312      21.52276
0.45703      17.58722
0.46094      14.93571
0.46484      19.78959
0.46875      20.11557
0.47266      20.80154
0.47656      19.03979
0.48047      24.24964
0.48438      20.53797
0.48828      28.02297
0.49219      31.81773
0.49609      23.07541
0.50000      31.39689
0.50391      25.06525
0.50781      20.00286
0.51172      24.40762
0.51562      28.32025
0.51953      28.88031
0.52344      21.39623
0.52734      27.57654
0.53125      16.12801
0.53516      26.67969
0.53906      27.58786
0.54297      16.66051
0.54688      22.25738
0.55078      25.01307
0.55469      28.73125
0.55859      33.31916
0.56250      23.48089
0.56641      33.51298
0.57031      25.98608
0.57422      32.62935
0.57812      29.17933
0.58203      28.51381
0.58594      31.12920
0.58984      25.50689
0.59375      22.24791
0.59766      19.10726
0.60156      23.36741
0.60547      19.27466
0.60938      16.92650
0.61328      12.92757
0.61719      11.40004
0.62109      18.17192
0.62500      13.16134
0.62891      23.68934
0.63281      18.57939
0.63672      17.59942
0.64062      22.73909
0.64453      22.98741
0.64844      22.72362
0.65234      26.32610
0.65625      24.14848
0.66016      31.86009
0.66406      28.43762
0.66797      38.59325
0.67188      60.81334
0.67578      74.40806
0.67969     126.57644
0.68359     173.71392
0.68750     144.09214
0.69141      81.94280
0.69531      37.25303
0.69922      27.01582
0.70312      20.77530
0.70703      11.28420
0.71094       7.77368
0.71484      12.42571
0.71875      10.72850
0.72266      21.59817
0.72656      19.00192
0.73047      20.68149
0.73438      15.32724
0.73828      15.52955
0.74219      15.85991
0.74609       8.72662
0.75000       9.51494
0.75391      12.72087
0.75781       7.64608
0.76172       4.94414
0.76562       7.81667
0.76953       8.65166
0.77344       8.90603
0.77734       8.37311
0.78125       4.92995
0.78516       6.85497
0.78906       3.56696
0.79297       3.47797
0.79688       8.05796
0.80078       7.90441
0.80469       1.35379
0.80859       4.82377
0.81250       6.39370
0.81641       2.53239
0.82031       5.36071
0.82422       4.23993
0.82812       3.34812
0.83203       3.78247
0.83594       7.84818
0.83984       4.73504
0.84375       7.63562
0.84766       3.96002
0.85156       7.08213
0.85547      11.05022
0.85938       6.24776
0.86328       1.78958
0.86719       4.74719
0.87109       6.53266
0.87500       1.24072
0.87891       6.82713
0.88281       1.81440
0.88672       2.21601
0.89062       3.51207
0.89453       6.26194
0.89844       4.67432
0.90234       3.36951
0.90625       6.30670
0.91016       5.09909
0.91406       7.27173
0.91797       3.71632
0.92188       1.59941
0.92578       7.55264
0.92969       3.92295
0.93359       3.30028
0.93750       8.53664
0.94141       5.16657
0.94531       6.33579
0.94922       5.38011
0.95312       6.25357
0.95703       3.17991
0.96094       8.28399
0.96484       5.50244
0.96875       5.68229
0.97266       5.96714
0.97656       3.56495
0.98047       7.14902
0.98438       7.30108
0.98828       6.05041
0.99219       2.61320
0.99609       4.92194
