0.00000      83.61031
0.00391      94.43383
0.00781      86.54686
0.01172      79.97596
0.01562      91.80942
0.01953      80.90298
0.02344      83.84299
0.02734      84.91285
0.03125      82.12710
0.03516      78.35458
0.03906      80.11873
0.04297      91.39794
0.04688      76.42482
0.05078      84.15812
0.05469      93.15241
0.05859      88.54607
0.06250      88.14994
0.06641      73.85161
0.07031      76.91597
0.07422      79.28624
0.07812      88.79407
0.08203      88.32725
0.08594      86.83449
0.08984      80.85491
0.09375      75.45476
0.09766      88.88902
0.10156      93.63106
0.10547      89.86899
0.10938      89.82166
0.11328      85.18071
0.11719      94.73255
0.12109      83.08703
0.12500      94.46464
0.12891      71.24437
0.13281      82.47666
0.13672      89.81594
0.14062      81.04913
0.14453      94.12862
0.14844      85.92169
0.15234      93.75903
0.15625     100.96406
0.16016      80.33216
0.16406      98.92584
0.16797      86.70600
0.17188      83.32398
0.17578      78.24772
0.17969      83.16420
0.18359      88.02858
0.18750      90.11549
0.19141      73.06912
0.19531      88.41738
0.19922      82.40331
0.20312      88.19931
0.20703      97.66077
0.21094      99.90777
0.21484      95.21862
0.21875      81.70434
0.22266      92.62237
0.22656      75.86809
0.23047      88.54465
0.23438      76.70938
0.23828      94.85924
0.24219      87.79321
0.24609      87.69887
0.25000      86.76723
0.25391      85.39715
0.25781      77.34421
0.26172      90.88958
0.26562      97.89193
0.26953      84.34584
0.27344      80.45167
0.27734      80.29913
0.28125      77.00104
0.28516      88.15452
0.28906      86.60137
0.29297      83.40836
0.29688      87.94361
0.30078      79.31338
0.30469      94.01201
0.30859      85.10223
0.31250      86.89749
0.31641     100.67498
0.32031      89.16517
0.32422      87.02537
0.32812      75.07386
0.33203      89.17268
0.33594      90.07881
0.33984      95.97652
0.34375      86.07392
0.34766      97.84103
0.35156      81.78233
0.35547      68.95751
0.35938      87.14869
0.36328      79.02204
0.36719      85.11434
0.37109      89.26091
0.37500      85.59074
0.37891      83.62566
0.38281      75.36295
0.38672      93.37097
0.39062      92.37068
0.39453      91.17928
0.39844      96.92200
0.40234      89.68121
0.40625      82.16193
0.41016      97.14234
0.41406      78.42907
0.41797      88.95827
0.42188      83.34620
0.42578      75.63229
0.42969      96.27057
0.43359      92.20503
0.43750      76.02531
0.44141      94.33849
0.44531      84.68262
0.44922      85.73027
0.45312      94.55061
0.45703      96.15533
0.46094      86.78278
0.46484      85.39213
0.46875      96.06301
0.47266      89.22910
0.47656      82.02430
0.48047      87.02040
0.48438      83.84125
0.48828      90.27670
0.49219      80.08986
0.49609      69.26319
0.50000      78.39163
0.50391      87.74610
0.50781      80.47831
0.51172      80.90335
0.51562      96.42253
0.51953      80.30740
0.52344      93.24469
0.52734      75.16999
0.53125      87.77100
0.53516      87.42786
0.53906      80.84697
0.54297      89.54168
0.54688      83.73224
0.55078      98.67468
0.55469      91.91857
0.55859      76.10353
0.56250      84.22394
0.56641      84.25253
0.57031      93.65963
0.57422      90.73935
0.57812      80.77177
0.58203      76.63244
0.58594      77.06918
0.58984      82.96117
0.59375      83.40704
0.59766      80.04053
0.60156     105.30826
0.60547      86.51497
0.60938      85.46251
0.61328      84.59220
0.61719      79.86227
0.62109      77.60934
0.62500      78.67276
0.62891     108.28336
0.63281      89.88241
0.63672      90.75610
0.64062      76.80734
0.64453      90.82133
0.64844      88.17306
0.65234      84.16816
0.65625     102.43268
0.66016      83.19476
0.66406      93.89290
0.66797     101.89999
0.67188      85.77531
0.67578      86.41269
0.67969      85.55880
0.68359      75.25234
0.68750      85.12154
0.69141      85.30848
0.69531      74.01162
0.69922      91.11205
0.70312      76.64010
0.70703      93.15700
0.71094      80.34137
0.71484      97.36967
0.71875      94.05541
0.72266      75.81124
0.72656      85.94456
0.73047      84.96303
0.73438      88.14492
0.73828      84.62966
0.74219      92.77638
0.74609      89.62729
0.75000      81.33213
0.75391      86.76932
0.75781      97.34137
0.76172      98.02922
0.76562      76.16753
0.76953      96.46902
0.77344      74.42334
0.77734      86.48539
0.78125     101.26537
0.78516      82.15572
0.78906      85.89107
0.79297      77.91326
0.79688      85.31619
0.80078      84.68428
0.80469      82.98631
0.80859      79.05715
0.81250      86.83821
0.81641      85.57966
0.82031      78.94024
0.82422      89.11949
0.82812      88.35028
0.83203      94.68608
0.83594      96.81460
0.83984      87.78464
0.84375      82.96184
0.84766      95.57422
0.85156      77.29804
0.85547     100.95083
0.85938      81.72959
0.86328      97.78526
0.86719      99.56113
0.87109      95.53865
0.87500      77.95941
0.87891      82.48493
0.88281      76.74414
0.88672      85.13324
0.89062      85.73628
0.89453      80.65208
0.89844      91.13931
0.90234      91.43776
0.90625      87.05163
0.91016      93.06524
0.91406      87.09902
0.91797      85.64218
0.92188      84.78849
0.92578      88.45954
0.92969      85.72522
0.93359      83.71001
0.93750      85.53370
0.94141      96.75154
0.94531      89.74835
0.94922      85.68752
0.95312      89.28791
0.95703      93.77868
0.96094      81.10615
0.96484      79.54798
0.96875      64.67897
0.97266      80.88072
0.97656      90.00951
0.98047      85.46984
0.98438      95.72293
0.98828      83.04751
0.99219      97.21835
0.99609      82.20971
