0.00000       1.32027
0.00391       4.43354
0.00781       6.38377
0.01172       7.30153
0.01562       6.85488
0.01953       9.28142
0.02344       6.65477
0.02734       4.22097
0.03125       3.70080
0.03516       5.11588
0.03906       4.47076
0.04297       6.49800
0.04688       5.61391
0.05078       5.41760
0.05469       1.73087
0.05859       7.17651
0.06250       3.41803
0.06641       5.22229
0.07031       2.76058
0.07422       6.24514
0.07812       3.67936
0.08203       4.98947
0.08594       4.79453
0.08984       5.68043
0.09375       1.38601
0.09766       5.61574
0.10156       6.64280
0.10547       7.04871
0.10938       5.06130
0.11328       4.68337
0.11719       6.48452
0.12109       8.58241
0.12500       4.48975
0.12891       4.11212
0.13281       7.37585
0.13672       6.23635
0.14062       5.86990
0.14453      10.91749
0.14844       6.78809
0.15234       9.85880
0.15625       6.83111
0.16016       7.90268
0.16406       7.25812
0.16797       4.22912
0.17188       6.29260
0.17578       7.53263
0.17969       7.94444
0.18359       4.99814
0.18750       3.32048
0.19141       5.04823
0.19531       6.82847
0.19922       5.89834
0.20312      10.90435
0.20703      10.59011
0.21094      10.56985
0.21484      16.73696
0.21875      25.53709
0.22266      17.88064
0.22656      33.08183
0.23047      61.58248
0.23438      85.88649
0.23828     124.11307
0.24219     105.12817
0.24609     104.32724
0.25000      89.37837
0.25391      84.38748
0.25781      81.36028
0.26172      76.61711
0.26562      61.74546
0.26953      57.05192
0.27344      59.45735
0.27734      43.56189
0.28125      49.33313
0.28516      43.56227
0.28906      56.33907
0.29297      27.08711
0.29688      35.64150
0.30078      34.77214
0.30469      22.09419
0.30859      21.14879
0.31250      15.48692
0.31641      20.54811
0.32031      19.48378
0.32422      16.92862
0.32812      16.05326
0.33203      12.83737
0.33594      20.44597
0.33984      16.50413
0.34375      15.37360
0.34766      16.89258
0.35156      19.50026
0.35547      14.44400
0.35938      28.24721
0.36328      26.75593
0.36719      22.27599
0.37109      24.17870
0.37500      24.54910
0.37891      19.25312
0.38281      21.21287
0.38672      19.68097
0.39062      19.09442
0.39453      20.86217
0.39844      19.04257
0.40234      23.73919
0.40625      14.78127
0.41016      18.38475
0.41406      18.22276
0.41797      15.94212
0.42188      17.30883
0.42578      13.64005
0.42969      14.65848
0.43359      15.32696
0.43750      12.23269
0.44141      11.50854
0.44531      12.42400
0.44922      16.79732
0.45312      20.85089
0.45703      16.06534
0.46094      16.31033
0.46484      17.82520
0.46875      21.97054
0.47266      20.36562
0.47656      20.40428
0.48047      22.35549
0.48438      19.96153
0.48828      28.70113
0.49219      31.27883
0.49609      23.47210
0.50000      32.14202
0.50391      21.75185
0.50781      21.41498
0.51172      26.90519
0.51562      27.60336
0.51953      27.48972
0.52344      23.65097
0.52734      26.27165
0.53125      17.87888
0.53516      25.14856
0.53906      27.53601
0.54297      18.24349
0.54688      21.80819
0.55078      22.91805
0.55469      29.89488
0.55859      33.75230
0.56250      23.48641
0.56641      33.59142
0.57031      26.38061
0.57422      31.64559
0.57812      27.30068
0.58203      27.69023
0.58594      32.27694
0.58984      25.36941
0.59375      22.46630
0.59766      20.80804
0.60156      22.78955
0.60547      19.59575
0.60938      17.19877
0.61328      13.14463
0.61719      11.96423
0.62109      17.19500
0.62500      11.54588
0.62891      21.08166
0.63281      23.35555
0.63672      17.24658
0.64062      21.78958
0.64453      24.63199
0.64844      20.44347
0.65234      28.11904
0.65625      24.61766
0.66016      29.46039
0.66406      32.15663
0.66797      35.54997
0.67188      53.33390
0.67578      79.88532
0.67969     120.24400
0.68359     165.55185
0.68750     153.99850
0.69141      88.97132
0.69531      35.86046
0.69922      28.04643
0.70312      22.33210
0.70703      11.90360
0.71094       7.77368
0.71484      12.42571
0.71875      10.23998
0.72266      19.44448
0.72656      19.75110
0.73047      22.57452
0.73438      14.18501
0.73828      16.18728
0.74219      16.34441
0.74609       8.30619
0.75000       9.93537
0.75391      12.13174
0.75781       8.23521
0.76172       3.76764
0.76562       8.99317
0.76953       8.65166
0.77344       8.12644
0.77734       7.99116
0.78125       6.09149
0.78516       7.33423
0.78906       3.08770
0.79297       2.03309
0.79688       8.34138
0.80078       8.09471
0.80469       1.89868
0.80859       5.25004
0.81250       5.54614
0.81641       2.95820
0.82031       5.78246
0.82422       4.23993
0.82812       3.34812
0.83203       3.78247
0.83594       7.05933
0.83984       3.79636
0.84375       9.36315
0.84766       3.96002
0.85156       6.37181
0.85547      11.34658
0.85938       6.66171
0.86328       1.35936
0.86719       5.17740
0.87109       6.53266
0.87500       1.24072
0.87891       6.82713
0.88281       1.81440
0.88672       1.32777
0.89062       3.97883
0.89453       5.47813
0.89844       4.98475
0.90234       4.26439
0.90625       6.30670
0.91016       5.09909
0.91406       6.82884
0.91797       4.15921
0.92188       1.59941
0.92578       6.14896
0.92969       5.32663
0.93359       3.30028
0.93750       8.53664
0.94141       5.16657
0.94531       6.33579
0.94922       4.18986
0.95312       7.00135
0.95703       3.62239
0.96094       5.00173
0.96484       8.27626
0.96875       5.74289
0.97266       6.41499
0.97656       3.56495
0.98047       6.47304
0.98438       7.53395
0.98828       6.49352
0.99219       2.61320
0.99609       4.23611
