0.00000      55.70371
0.00391      54.61419
0.00781      54.62830
0.01172      53.77384
0.01562      51.10874
0.01953      66.16998
0.02344      61.84459
0.02734      61.28837
0.03125      71.19394
0.03516      60.77800
0.03906      56.59562
0.04297      41.52678
0.04688      49.51363
0.05078      48.94153
0.05469      44.38708
0.05859      40.77494
0.06250      41.41956
0.06641      49.19777
0.07031      46.81320
0.07422      43.72590
0.07812      54.82191
0.08203      50.57820
0.08594      45.72236
0.08984      54.44478
0.09375      59.97465
0.09766      54.23347
0.10156      61.65810
0.10547      82.79534
0.10938      88.26015
0.11328      95.47665
0.11719      90.14957
0.12109     122.34605
0.12500     141.19813
0.12891     157.22187
0.13281     166.21552
0.13672     167.96726
0.14062     163.90557
0.14453     170.46999
0.14844     191.46553
0.15234     163.87220
0.15625     148.61065
0.16016     128.40210
0.16406     117.28975
0.16797     117.43973
0.17188     111.16371
0.17578     123.30288
0.17969     101.04341
0.18359     101.75715
0.18750      98.54683
0.19141      96.60270
0.19531      95.02798
0.19922     106.13739
0.20312      95.72494
0.20703     109.36084
0.21094      95.14346
0.21484     110.89652
0.21875      92.36194
0.22266     110.82576
0.22656     112.67308
0.23047      98.33160
0.23438     122.94388
0.23828     102.31621
0.24219     127.19355
0.24609     137.00033
0.25000     137.22751
0.25391     133.97999
0.25781     130.90662
0.26172     142.90193
0.26562     149.62361
0.26953     155.05458
0.27344     149.18903
0.27734     157.42569
0.28125     154.42553
0.28516     154.93599
0.28906     176.69268
0.29297     163.56626
0.29688     180.15594
0.30078     240.60983
0.30469     297.57917
0.30859     413.00117
0.31250     652.76366
0.31641     657.26315
0.32031     606.19800
0.32422     416.84500
0.32812     238.06351
0.33203     151.26992
0.33594      96.30617
0.33984      51.53754
0.34375      47.07907
0.34766      39.82431
0.35156      46.94123
0.35547      51.99758
0.35938      40.67157
0.36328      47.67411
0.36719      36.80445
0.37109      36.65893
0.37500      35.66461
0.37891      47.63325
0.38281      39.51504
0.38672      32.10237
0.39062      40.94160
0.39453      40.55700
0.39844      43.34432
0.40234      32.15421
0.40625      35.28230
0.41016      38.72761
0.41406      35.13287
0.41797      33.64063
0.42188      30.75003
0.42578      42.31774
0.42969      40.53745
0.43359      38.04864
0.43750      32.48355
0.44141      32.26642
0.44531      39.14601
0.44922      38.38629
0.45312      36.19741
0.45703      32.42587
0.46094      33.76946
0.46484      40.32197
0.46875      34.23344
0.47266      32.68112
0.47656      29.07163
0.48047      29.89128
0.48438      40.53930
0.48828      28.17339
0.49219      32.24093
0.49609      37.32618
0.50000      33.40595
0.50391      36.44473
0.50781      33.34379
0.51172      31.17186
0.51562      31.07334
0.51953      37.32449
0.52344      28.17850
0.52734      37.54542
0.53125      33.00740
0.53516      33.43883
0.53906      35.02454
0.54297      35.62063
0.54688      31.61408
0.55078      31.14250
0.55469      29.61013
0.55859      38.16272
0.56250      34.00796
0.56641      38.26252
0.57031      36.86374
0.57422      31.10675
0.57812      35.81130
0.58203      31.42885
0.58594      37.96342
0.58984      34.22057
0.59375      30.42209
0.59766      32.99610
0.60156      31.89852
0.60547      30.68830
0.60938      36.71436
0.61328      31.38361
0.61719      28.54922
0.62109      31.01340
0.62500      31.47038
0.62891      38.48125
0.63281      35.99142
0.63672      38.45206
0.64062      26.44173
0.64453      34.85395
0.64844      32.63424
0.65234      33.29306
0.65625      31.17915
0.66016      35.39847
0.66406      39.94950
0.66797      41.60699
0.67188      35.00193
0.67578      38.87782
0.67969      33.47643
0.68359      38.85934
0.68750      34.53415
0.69141      36.95130
0.69531      34.87039
0.69922      37.00869
0.70312      35.56384
0.70703      31.58013
0.71094      38.22083
0.71484      35.74363
0.71875      32.86155
0.72266      27.53451
0.72656      36.37268
0.73047      36.25452
0.73438      35.34972
0.73828      36.52256
0.74219      34.87769
0.74609      35.12319
0.75000      32.56357
0.75391      40.73359
0.75781      34.43082
0.76172      36.04853
0.76562      39.41651
0.76953      39.09849
0.77344      32.20485
0.77734      36.43120
0.78125      41.09478
0.78516      39.24774
0.78906      37.48236
0.79297      39.55557
0.79688      42.90579
0.80078      43.58719
0.80469      45.42424
0.80859      40.44246
0.81250      56.24371
0.81641      50.72105
0.82031      50.69241
0.82422      56.06905
0.82812      53.58700
0.83203      45.29791
0.83594      60.99510
0.83984      53.60929
0.84375      62.45325
0.84766      63.28669
0.85156      81.54079
0.85547      82.29363
0.85938     112.90461
0.86328     103.03539
0.86719     150.18317
0.87109     162.17528
0.87500     203.91076
0.87891     190.96027
0.88281     181.28363
0.88672     191.69614
0.89062     181.43543
0.89453     198.95950
0.89844     207.04351
0.90234     233.48381
0.90625     232.69288
0.91016     236.51971
0.91406     249.25459
0.91797     251.64995
0.92188     265.70400
0.92578     232.64252
0.92969     201.57625
0.93359     202.65812
0.93750     173.70057
0.94141     131.24929
0.94531     110.36535
0.94922     112.78443
0.95312      99.34587
0.95703      86.08706
0.96094      93.14247
0.96484      81.04462
0.96875      73.05079
0.97266      75.97276
0.97656      65.62157
0.98047      65.44031
0.98438      61.10642
0.98828      71.24451
0.99219      57.02158
0.99609      54.60401
