0.00000      55.72342
0.00391      53.37041
0.00781      55.93182
0.01172      48.53301
0.01562      55.99840
0.01953      63.41940
0.02344      64.34005
0.02734      61.48357
0.03125      67.77409
0.03516      67.57991
0.03906      50.51481
0.04297      45.19031
0.04688      48.61131
0.05078      48.94214
0.05469      43.65519
0.05859      39.81669
0.06250      40.26163
0.06641      50.49526
0.07031      48.43843
0.07422      44.72715
0.07812      50.06795
0.08203      56.25214
0.08594      43.37183
0.08984      51.73365
0.09375      60.11223
0.09766      53.32393
0.10156      65.48961
0.10547      82.43914
0.10938      84.48843
0.11328     103.51227
0.11719      84.78834
0.12109     124.56792
0.12500     139.86839
0.12891     158.78001
0.13281     162.70548
0.13672     167.47317
0.14062     172.83607
0.14453     161.71716
0.14844     193.60976
0.15234     164.13757
0.15625     141.85052
0.16016     134.89494
0.16406     115.74545
0.16797     110.70745
0.17188     122.07809
0.17578     119.02103
0.17969      99.68610
0.18359     101.75386
0.18750     100.59425
0.19141      98.57783
0.19531      94.17249
0.19922     106.04098
0.20312      96.54448
0.20703     109.42148
0.21094      92.49614
0.21484     108.93141
0.21875      94.86692
0.22266     110.22116
0.22656     119.82633
0.23047      96.37872
0.23438     112.53391
0.23828     106.78420
0.24219     129.39691
0.24609     137.26523
0.25000     128.67231
0.25391     141.19000
0.25781     134.73899
0.26172     142.16887
0.26562     151.22880
0.26953     153.63382
0.27344     149.64279
0.27734     159.62572
0.28125     160.04036
0.28516     148.02854
0.28906     180.43876
0.29297     147.39395
0.29688     198.56743
0.30078     231.37135
0.30469     290.18181
0.30859     432.82940
0.31250     652.86894
0.31641     668.83101
0.32031     583.28309
0.32422     411.02401
0.32812     247.68670
0.33203     145.15279
0.33594      96.62209
0.33984      52.93117
0.34375      44.48023
0.34766      41.05823
0.35156      46.96369
0.35547      53.16452
0.35938      41.50764
0.36328      44.20614
0.36719      38.12468
0.37109      36.76348
0.37500      34.55560
0.37891      47.65080
0.38281      40.09056
0.38672      32.79000
0.39062      38.64849
0.39453      44.16369
0.39844      41.61590
0.40234      32.45800
0.40625      35.25303
0.41016      37.86830
0.41406      36.16791
0.41797      32.43045
0.42188      33.85179
0.42578      39.33687
0.42969      41.84678
0.43359      36.82421
0.43750      34.04347
0.44141      32.24065
0.44531      39.03684
0.44922      38.15215
0.45312      35.58124
0.45703      31.56510
0.46094      36.36030
0.46484      40.79896
0.46875      32.46825
0.47266      33.01738
0.47656      27.76558
0.48047      30.69866
0.48438      37.57732
0.48828      31.72524
0.49219      33.40059
0.49609      32.35415
0.50000      35.67439
0.50391      38.22940
0.50781      32.39212
0.51172      30.32037
0.51562      31.16742
0.51953      36.73282
0.52344      29.83073
0.52734      37.89870
0.53125      32.05167
0.53516      34.33489
0.53906      35.15118
0.54297      35.32578
0.54688      31.94898
0.55078      28.76634
0.55469      31.52903
0.55859      35.83275
0.56250      37.29074
0.56641      36.30399
0.57031      36.64548
0.57422      30.40183
0.57812      36.78980
0.58203      33.86736
0.58594      35.03720
0.58984      35.41878
0.59375      31.10706
0.59766      31.81474
0.60156      32.84436
0.60547      29.00258
0.60938      36.72268
0.61328      33.73646
0.61719      26.98135
0.62109      31.79912
0.62500      32.85521
0.62891      38.82364
0.63281      32.74971
0.63672      39.89986
0.64062      26.02200
0.64453      34.22759
0.64844      33.28444
0.65234      34.18891
0.65625      31.44615
0.66016      33.38825
0.66406      41.36114
0.66797      42.70564
0.67188      32.63441
0.67578      40.07725
0.67969      32.31768
0.68359      40.16262
0.68750      34.22893
0.69141      38.24384
0.69531      34.29072
0.69922      36.81378
0.70312      34.78483
0.70703      32.45197
0.71094      34.98356
0.71484      36.43320
0.71875      34.53131
0.72266      30.08634
0.72656      35.26622
0.73047      33.55064
0.73438      34.77550
0.73828      38.22097
0.74219      34.71895
0.74609      35.88631
0.75000      32.45534
0.75391      40.64816
0.75781      33.63877
0.76172      36.30861
0.76562      39.39458
0.76953      38.21011
0.77344      34.12888
0.77734      37.07644
0.78125      40.70137
0.78516      40.19323
0.78906      36.10577
0.79297      35.48724
0.79688      47.56504
0.80078      45.29626
0.80469      42.81534
0.80859      42.61883
0.81250      54.07817
0.81641      53.97440
0.82031      45.80267
0.82422      57.64503
0.82812      48.79262
0.83203      50.24402
0.83594      62.59175
0.83984      47.82540
0.84375      65.41963
0.84766      60.29221
0.85156      86.40597
0.85547      91.53944
0.85938     108.09069
0.86328     104.57652
0.86719     144.03552
0.87109     159.18542
0.87500     209.50613
0.87891     189.93637
0.88281     184.77845
0.88672     187.90532
0.89062     184.51371
0.89453     201.36022
0.89844     202.36504
0.90234     232.79049
0.90625     235.58614
0.91016     237.84879
0.91406     247.64614
0.91797     254.71797
0.92188     263.67344
0.92578     234.31203
0.92969     192.98652
0.93359     207.99327
0.93750     170.78628
0.94141     132.27207
0.94531     113.19940
0.94922     107.64789
0.95312     102.95235
0.95703      84.28599
0.96094      90.08415
0.96484      86.11813
0.96875      74.81379
0.97266      74.37966
0.97656      63.57623
0.98047      64.34424
0.98438      63.33812
0.98828      65.28924
0.99219      60.77207
0.99609      55.42016
