0.00000      56.99571
0.00391      55.35178
0.00781      56.08743
0.01172      56.73748
0.01562      54.42431
0.01953      58.31380
0.02344      63.51711
0.02734      65.57337
0.03125      70.69753
0.03516      57.05168
0.03906      46.68192
0.04297      43.62940
0.04688      55.16510
0.05078      45.86151
0.05469      40.76979
0.05859      41.80360
0.06250      45.38577
0.06641      50.04494
0.07031      43.26488
0.07422      47.69385
0.07812      51.53891
0.08203      53.47987
0.08594      46.60331
0.08984      55.54096
0.09375      58.82706
0.09766      59.83387
0.10156      64.43092
0.10547      93.01446
0.10938      77.22963
0.11328     102.92819
0.11719      99.89824
0.12109     135.05140
0.12500     140.66898
0.12891     160.95720
0.13281     165.54567
0.13672     166.79334
0.14062     165.61133
0.14453     180.47838
0.14844     198.14767
0.15234     143.89383
0.15625     144.63844
0.16016     116.94738
0.16406     129.49545
0.16797     109.63199
0.17188     117.30467
0.17578     113.94352
0.17969      97.11918
0.18359     106.62410
0.18750      91.62674
0.19141      97.39862
0.19531     101.65416
0.19922      96.21391
0.20312     105.11261
0.20703     104.04747
0.21094      97.91177
0.21484     106.11684
0.21875      96.42846
0.22266     121.29184
0.22656     101.08648
0.23047     106.30898
0.23438     113.42195
0.23828     121.47638
0.24219     126.39151
0.24609     134.99422
0.25000     127.76332
0.25391     143.97339
0.25781     132.17607
0.26172     143.11631
0.26562     153.35143
0.26953     149.79179
0.27344     156.70221
0.27734     153.64281
0.28125     166.12433
0.28516     156.95078
0.28906     179.42300
0.29297     165.73215
0.29688     215.11148
0.30078     257.47448
0.30469     326.95041
0.30859     491.03513
0.31250     670.00890
0.31641     632.83059
0.32031     550.06843
0.32422     350.87720
0.32812     189.27710
0.33203     126.48858
0.33594      81.99749
0.33984      51.52521
0.34375      43.43565
0.34766      38.99618
0.35156      53.77790
0.35547      47.73957
0.35938      40.82492
0.36328      41.11321
0.36719      42.68080
0.37109      32.21908
0.37500      39.42542
0.37891      48.83940
0.38281      32.41036
0.38672      35.64005
0.39062      45.02674
0.39453      42.72201
0.39844      35.13986
0.40234      31.60310
0.40625      38.03007
0.41016      35.60824
0.41406      35.82240
0.41797      34.50604
0.42188      34.92919
0.42578      39.84777
0.42969      40.37614
0.43359      35.15565
0.43750      32.76161
0.44141      32.07143
0.44531      41.21276
0.44922      37.94274
0.45312      33.83959
0.45703      35.14828
0.46094      39.40619
0.46484      35.85544
0.46875      32.73644
0.47266      29.46243
0.47656      31.83962
0.48047      32.81559
0.48438      34.76884
0.48828      27.14459
0.49219      40.87122
0.49609      33.31745
0.50000      34.44034
0.50391      36.62471
0.50781      31.21385
0.51172      31.08626
0.51562      33.73080
0.51953      31.48898
0.52344      34.58683
0.52734      35.75731
0.53125      30.20209
0.53516      36.11593
0.53906      36.09005
0.54297      32.63941
0.54688      30.21231
0.55078      32.12960
0.55469      30.48248
0.55859      34.29009
0.56250      40.85406
0.56641      34.95776
0.57031      39.01491
0.57422      31.58051
0.57812      30.26062
0.58203      38.02611
0.58594      34.34842
0.58984      33.30050
0.59375      32.82680
0.59766      30.78833
0.60156      35.72010
0.60547      31.71726
0.60938      33.01364
0.61328      29.93028
0.61719      27.69194
0.62109      31.94019
0.62500      35.85255
0.62891      36.86105
0.63281      33.54462
0.63672      36.48000
0.64062      30.68693
0.64453      32.80457
0.64844      35.91054
0.65234      29.14875
0.65625      36.38778
0.66016      34.14092
0.66406      40.07173
0.66797      43.10120
0.67188      34.09648
0.67578      38.18365
0.67969      32.65927
0.68359      37.83069
0.68750      34.45386
0.69141      37.84972
0.69531      34.16795
0.69922      38.54100
0.70312      33.19050
0.70703      34.84300
0.71094      41.26898
0.71484      29.99040
0.71875      29.08790
0.72266      34.53053
0.72656      31.81462
0.73047      42.07835
0.73438      29.91478
0.73828      36.77072
0.74219      35.41627
0.74609      32.81099
0.75000      37.55961
0.75391      36.47532
0.75781      38.73040
0.76172      37.82907
0.76562      39.85320
0.76953      34.05465
0.77344      33.71810
0.77734      39.96804
0.78125      38.35915
0.78516      41.08764
0.78906      35.07401
0.79297      39.32702
0.79688      41.95255
0.80078      47.18778
0.80469      39.39663
0.80859      52.25356
0.81250      54.45867
0.81641      49.13310
0.82031      53.67708
0.82422      56.18175
0.82812      45.91307
0.83203      51.46352
0.83594      62.17122
0.83984      56.82307
0.84375      62.63081
0.84766      69.97972
0.85156      77.72035
0.85547     107.78731
0.85938     108.13636
0.86328     106.52729
0.86719     161.08572
0.87109     184.79233
0.87500     187.58654
0.87891     196.10749
0.88281     180.03851
0.88672     195.39735
0.89062     191.35266
0.89453     202.85877
0.89844     209.80795
0.90234     222.21596
0.90625     249.37362
0.91016     239.92837
0.91406     245.48069
0.91797     256.30635
0.92188     247.38447
0.92578     225.12199
0.92969     196.18649
0.93359     197.88389
0.93750     157.90305
0.94141     123.10698
0.94531     106.33196
0.94922     109.46609
0.95312      99.59096
0.95703      84.61103
0.96094      86.46490
0.96484      84.72815
0.96875      71.08835
0.97266      74.56955
0.97656      64.16936
0.98047      58.65771
0.98438      70.56848
0.98828      61.41747
0.99219      58.56704
0.99609      52.03589
