0.00000      61.29715
0.00391      55.30235
0.00781      56.99060
0.01172      53.92523
0.01562      54.20992
0.01953      57.04479
0.02344      70.44691
0.02734      61.41084
0.03125      64.80000
0.03516      54.38021
0.03906      49.26853
0.04297      45.23155
0.04688      56.63912
0.05078      41.28542
0.05469      45.83668
0.05859      39.95032
0.06250      43.96807
0.06641      51.83946
0.07031      42.98604
0.07422      50.42550
0.07812      54.38185
0.08203      47.80973
0.08594      44.67781
0.08984      60.00840
0.09375      63.45943
0.09766      63.88294
0.10156      69.58371
0.10547      85.54031
0.10938      90.28414
0.11328      99.83761
0.11719     114.21643
0.12109     129.69464
0.12500     146.64084
0.12891     165.27818
0.13281     160.11526
0.13672     176.71142
0.14062     182.50815
0.14453     166.86264
0.14844     190.19696
0.15234     140.26736
0.15625     139.20108
0.16016     129.05946
0.16406     120.31750
0.16797     103.39939
0.17188     114.86872
0.17578     110.03567
0.17969     101.26517
0.18359      95.52399
0.18750      97.88046
0.19141      94.96009
0.19531     102.05192
0.19922      98.74185
0.20312     101.12164
0.20703     108.21989
0.21094     100.01320
0.21484      99.12671
0.21875     102.25128
0.22266     113.37682
0.22656     112.62720
0.23047     105.41156
0.23438     122.07094
0.23828     114.46678
0.24219     133.30548
0.24609     131.71931
0.25000     132.15945
0.25391     147.32045
0.25781     129.63473
0.26172     142.40769
0.26562     158.24848
0.26953     141.09673
0.27344     154.84073
0.27734     175.71443
0.28125     162.71423
0.28516     166.48206
0.28906     179.02020
0.29297     185.65511
0.29688     237.98650
0.30078     286.62865
0.30469     360.69792
0.30859     536.12532
0.31250     645.64775
0.31641     609.06030
0.32031     500.62553
0.32422     283.44543
0.32812     174.37264
0.33203     109.60611
0.33594      75.33697
0.33984      51.83249
0.34375      39.25127
0.34766      45.91181
0.35156      45.27197
0.35547      47.18170
0.35938      42.20354
0.36328      40.19641
0.36719      44.11311
0.37109      31.15624
0.37500      43.05430
0.37891      42.28689
0.38281      33.71744
0.38672      41.33126
0.39062      42.07595
0.39453      39.66296
0.39844      35.60166
0.40234      33.25853
0.40625      36.37092
0.41016      33.37906
0.41406      37.77199
0.41797      34.70411
0.42188      37.93406
0.42578      38.18409
0.42969      38.84883
0.43359      33.62671
0.43750      34.96795
0.44141      34.78747
0.44531      39.24930
0.44922      37.76844
0.45312      33.85694
0.45703      36.16342
0.46094      37.15185
0.46484      35.08799
0.46875      32.52055
0.47266      30.62635
0.47656      32.28932
0.48047      32.15594
0.48438      32.45665
0.48828      34.96150
0.49219      32.98038
0.49609      37.30489
0.50000      36.99972
0.50391      32.91215
0.50781      30.08246
0.51172      34.24618
0.51562      31.39615
0.51953      35.38931
0.52344      31.62009
0.52734      32.93668
0.53125      33.48517
0.53516      36.06803
0.53906      34.58751
0.54297      31.00068
0.54688      30.09649
0.55078      33.66690
0.55469      30.55879
0.55859      38.20244
0.56250      38.27825
0.56641      35.54294
0.57031      34.03916
0.57422      32.95468
0.57812      33.00277
0.58203      37.03395
0.58594      35.80280
0.58984      31.62041
0.59375      31.33008
0.59766      36.04981
0.60156      32.19659
0.60547      33.36342
0.60938      31.93033
0.61328      28.53207
0.61719      28.37530
0.62109      32.61127
0.62500      37.76905
0.62891      33.36801
0.63281      37.01585
0.63672      34.29812
0.64062      32.43574
0.64453      35.18614
0.64844      32.99603
0.65234      29.07382
0.65625      37.57817
0.66016      39.85385
0.66406      38.14937
0.66797      39.69202
0.67188      32.89429
0.67578      39.64256
0.67969      29.64492
0.68359      39.84207
0.68750      32.65596
0.69141      38.77983
0.69531      34.16645
0.69922      37.88995
0.70312      34.27383
0.70703      32.78537
0.71094      39.12292
0.71484      29.81938
0.71875      31.22705
0.72266      37.79084
0.72656      34.46008
0.73047      35.69815
0.73438      34.77721
0.73828      31.46404
0.74219      35.58448
0.74609      34.31573
0.75000      37.60427
0.75391      37.60066
0.75781      40.60729
0.76172      38.36667
0.76562      38.54453
0.76953      30.98834
0.77344      36.92845
0.77734      35.55653
0.78125      42.49133
0.78516      41.71459
0.78906      35.10990
0.79297      37.09066
0.79688      45.94944
0.80078      43.31772
0.80469      49.89488
0.80859      53.90738
0.81250      49.15533
0.81641      55.49858
0.82031      51.19985
0.82422      48.13647
0.82812      49.86986
0.83203      56.12873
0.83594      60.34727
0.83984      59.77043
0.84375      67.02104
0.84766      67.16696
0.85156      87.89681
0.85547     109.28841
0.85938     110.10759
0.86328     136.48772
0.86719     157.15827
0.87109     176.04789
0.87500     200.87012
0.87891     186.50364
0.88281     179.14054
0.88672     208.88801
0.89062     195.24010
0.89453     203.99164
0.89844     215.59270
0.90234     229.36099
0.90625     239.67429
0.91016     242.47867
0.91406     241.51747
0.91797     245.05016
0.92188     241.33348
0.92578     228.05876
0.92969     201.79147
0.93359     172.57703
0.93750     150.31442
0.94141     120.52963
0.94531     100.61195
0.94922     113.67288
0.95312      99.48707
0.95703      77.21418
0.96094      89.71065
0.96484      73.53013
0.96875      76.29632
0.97266      75.59864
0.97656      57.39789
0.98047      64.34047
0.98438      66.65859
0.98828      60.01279
0.99219      60.96923
0.99609      47.50846
