0.00000      57.53889
0.00391      56.92206
0.00781      54.30937
0.01172      53.90246
0.01562      51.05241
0.01953      62.01391
0.02344      59.69423
0.02734      64.68138
0.03125      69.57822
0.03516      62.27494
0.03906      54.45518
0.04297      42.98301
0.04688      52.76510
0.05078      45.16812
0.05469      41.58143
0.05859      42.26345
0.06250      42.58206
0.06641      49.07949
0.07031      46.67826
0.07422      47.33714
0.07812      51.50336
0.08203      48.11406
0.08594      48.25545
0.08984      55.97560
0.09375      56.38308
0.09766      56.70060
0.10156      63.53098
0.10547      86.36877
0.10938      82.05961
0.11328      94.73121
0.11719      88.03997
0.12109     127.42428
0.12500     142.78568
0.12891     153.73510
0.13281     166.83653
0.13672     161.45178
0.14062     175.78955
0.14453     173.45347
0.14844     185.11258
0.15234     167.41194
0.15625     139.16164
0.16016     130.53759
0.16406     114.34163
0.16797     119.78434
0.17188     119.30799
0.17578     117.02558
0.17969     103.41912
0.18359     103.12096
0.18750      97.78633
0.19141      98.50036
0.19531      91.81266
0.19922     107.70246
0.20312      93.34179
0.20703     115.08071
0.21094      93.16757
0.21484     104.20575
0.21875      93.91320
0.22266     111.67539
0.22656     116.49125
0.23047      94.53292
0.23438     121.83277
0.23828     105.46061
0.24219     126.44830
0.24609     133.60474
0.25000     141.74345
0.25391     137.90811
0.25781     122.91682
0.26172     146.98457
0.26562     150.56462
0.26953     159.33830
0.27344     150.61411
0.27734     152.95242
0.28125     159.99792
0.28516     146.03460
0.28906     180.01859
0.29297     156.35724
0.29688     195.61500
0.30078     227.20773
0.30469     290.77821
0.30859     452.40317
0.31250     646.58316
0.31641     627.87170
0.32031     603.96581
0.32422     411.78552
0.32812     243.34547
0.33203     152.86915
0.33594      94.86444
0.33984      58.42991
0.34375      46.41338
0.34766      38.21948
0.35156      47.44675
0.35547      49.96894
0.35938      46.29398
0.36328      41.73450
0.36719      41.86181
0.37109      36.29006
0.37500      33.69143
0.37891      45.70096
0.38281      37.20268
0.38672      36.25532
0.39062      42.90488
0.39453      41.80194
0.39844      39.61647
0.40234      28.91885
0.40625      37.01111
0.41016      40.62635
0.41406      34.75465
0.41797      33.79056
0.42188      38.05525
0.42578      34.14829
0.42969      41.74073
0.43359      36.98948
0.43750      33.39375
0.44141      31.71295
0.44531      38.74017
0.44922      40.67594
0.45312      35.40616
0.45703      31.03965
0.46094      37.21770
0.46484      39.53592
0.46875      31.77260
0.47266      32.82059
0.47656      28.09434
0.48047      35.25110
0.48438      30.86193
0.48828      31.86824
0.49219      35.57533
0.49609      36.74516
0.50000      33.52010
0.50391      38.85275
0.50781      29.43837
0.51172      33.51190
0.51562      28.09680
0.51953      37.65026
0.52344      30.09336
0.52734      34.31715
0.53125      35.03735
0.53516      33.99032
0.53906      33.35180
0.54297      38.08774
0.54688      29.65682
0.55078      31.75240
0.55469      31.40645
0.55859      35.25228
0.56250      37.09927
0.56641      33.86505
0.57031      39.09781
0.57422      33.22125
0.57812      32.87231
0.58203      33.96500
0.58594      35.90214
0.58984      36.54928
0.59375      29.82406
0.59766      31.84009
0.60156      34.12562
0.60547      28.70056
0.60938      36.33586
0.61328      31.30783
0.61719      27.92329
0.62109      31.66162
0.62500      33.79305
0.62891      37.35402
0.63281      34.97855
0.63672      35.41424
0.64062      31.17923
0.64453      31.47133
0.64844      33.67761
0.65234      34.16946
0.65625      30.64668
0.66016      35.08059
0.66406      41.16152
0.66797      37.40084
0.67188      39.63367
0.67578      38.57625
0.67969      33.05811
0.68359      36.21209
0.68750      39.21849
0.69141      36.46111
0.69531      31.74329
0.69922      38.57560
0.70312      35.60081
0.70703      32.64994
0.71094      38.31294
0.71484      34.36125
0.71875      32.35761
0.72266      33.35230
0.72656      29.31162
0.73047      38.84989
0.73438      34.80123
0.73828      33.12465
0.74219      37.31301
0.74609      35.20008
0.75000      34.50281
0.75391      39.18178
0.75781      35.28983
0.76172      34.61508
0.76562      43.36690
0.76953      35.40710
0.77344      33.91651
0.77734      37.20077
0.78125      38.56929
0.78516      38.64323
0.78906      38.49464
0.79297      38.61116
0.79688      47.13292
0.80078      39.18964
0.80469      43.28848
0.80859      44.68537
0.81250      54.45943
0.81641      53.87063
0.82031      49.58331
0.82422      56.73094
0.82812      49.36365
0.83203      48.23076
0.83594      57.82513
0.83984      54.37167
0.84375      64.08117
0.84766      60.86486
0.85156      78.23728
0.85547      97.16806
0.85938     107.24450
0.86328     105.59668
0.86719     141.99002
0.87109     174.54824
0.87500     198.37800
0.87891     196.74800
0.88281     189.22362
0.88672     172.88833
0.89062     187.81244
0.89453     203.69554
0.89844     203.43730
0.90234     227.69492
0.90625     241.35805
0.91016     238.00587
0.91406     244.12845
0.91797     255.73124
0.92188     262.77434
0.92578     237.21339
0.92969     196.48108
0.93359     198.13689
0.93750     173.30013
0.94141     129.57335
0.94531     114.73283
0.94922     107.08358
0.95312     102.72410
0.95703      86.54319
0.96094      89.21413
0.96484      86.52286
0.96875      74.52938
0.97266      70.45255
0.97656      70.22726
0.98047      61.38415
0.98438      61.96511
0.98828      73.48450
0.99219      54.48122
0.99609      53.72100
