0.00000      58.01530
0.00391      56.51615
0.00781      54.85650
0.01172      53.18068
0.01562      54.91935
0.01953      58.55211
0.02344      60.49463
0.02734      66.36254
0.03125      68.64916
0.03516      62.90596
0.03906      53.22780
0.04297      42.12172
0.04688      52.29647
0.05078      45.57228
0.05469      42.35638
0.05859      42.07407
0.06250      42.79021
0.06641      48.44980
0.07031      46.46174
0.07422      47.28312
0.07812      52.83182
0.08203      47.95067
0.08594      48.10821
0.08984      56.34084
0.09375      55.29815
0.09766      58.23674
0.10156      61.93153
0.10547      86.97579
0.10938      82.63440
0.11328      94.27996
0.11719      88.44378
0.12109     128.11809
0.12500     140.82098
0.12891     154.62082
0.13281     169.51398
0.13672     160.92095
0.14062     177.33134
0.14453     170.12406
0.14844     187.40628
0.15234     164.49690
0.15625     139.62079
0.16016     131.44250
0.16406     112.69734
0.16797     120.10049
0.17188     118.73081
0.17578     118.32705
0.17969     101.65392
0.18359     103.97205
0.18750      95.70378
0.19141     102.43881
0.19531      89.48947
0.19922     107.79227
0.20312      94.79986
0.20703     115.76308
0.21094      92.29021
0.21484     104.65787
0.21875      94.68101
0.22266     111.21161
0.22656     116.83402
0.23047      92.86459
0.23438     123.31208
0.23828     105.64755
0.24219     125.73416
0.24609     132.95165
0.25000     140.45540
0.25391     140.37838
0.25781     122.07712
0.26172     149.08685
0.26562     149.23731
0.26953     159.71469
0.27344     151.85265
0.27734     149.77685
0.28125     159.26554
0.28516     148.25929
0.28906     181.64941
0.29297     156.81244
0.29688     194.04764
0.30078     228.66417
0.30469     296.48923
0.30859     445.77506
0.31250     652.50717
0.31641     629.82951
0.32031     601.13955
0.32422     406.59204
0.32812     241.80071
0.33203     151.94604
0.33594      95.04519
0.33984      57.35444
0.34375      47.54048
0.34766      36.90448
0.35156      47.60538
0.35547      51.16218
0.35938      45.36972
0.36328      42.73115
0.36719      42.09441
0.37109      34.89327
0.37500      33.78951
0.37891      48.35021
0.38281      35.73320
0.38672      35.68083
0.39062      42.38541
0.39453      41.53431
0.39844      39.81919
0.40234      29.00105
0.40625      36.96934
0.41016      40.76715
0.41406      34.36057
0.41797      34.37423
0.42188      37.40527
0.42578      34.01922
0.42969      43.18055
0.43359      36.69071
0.43750      32.58450
0.44141      32.68709
0.44531      39.71795
0.44922      39.42225
0.45312      35.24835
0.45703      30.53180
0.46094      37.11004
0.46484      39.16475
0.46875      32.20395
0.47266      32.53855
0.47656      28.17910
0.48047      35.59451
0.48438      31.66597
0.48828      31.33043
0.49219      35.13924
0.49609      36.86174
0.50000      33.60102
0.50391      39.01291
0.50781      29.88515
0.51172      33.64805
0.51562      27.19391
0.51953      37.45897
0.52344      30.67864
0.52734      35.44870
0.53125      33.58403
0.53516      34.12604
0.53906      34.60817
0.54297      36.99868
0.54688      28.87658
0.55078      32.17250
0.55469      31.96557
0.55859      35.08861
0.56250      37.01902
0.56641      33.87616
0.57031      38.72479
0.57422      34.43878
0.57812      31.70211
0.58203      34.67925
0.58594      34.85076
0.58984      37.01445
0.59375      29.68337
0.59766      32.18646
0.60156      34.10537
0.60547      28.66707
0.60938      36.33523
0.61328      31.26346
0.61719      27.63587
0.62109      32.40710
0.62500      32.50109
0.62891      39.57687
0.63281      32.79654
0.63672      36.57629
0.64062      30.62556
0.64453      31.67160
0.64844      33.94315
0.65234      33.55788
0.65625      30.73004
0.66016      36.80162
0.66406      39.41591
0.66797      38.54169
0.67188      38.41017
0.67578      39.50394
0.67969      32.47126
0.68359      36.40604
0.68750      38.70649
0.69141      36.42393
0.69531      32.40413
0.69922      37.99874
0.70312      35.33319
0.70703      33.67198
0.71094      39.22469
0.71484      33.17895
0.71875      32.89173
0.72266      31.46126
0.72656      30.42611
0.73047      38.16379
0.73438      35.01619
0.73828      33.85460
0.74219      38.18675
0.74609      34.00187
0.75000      34.11834
0.75391      40.43304
0.75781      34.33813
0.76172      36.08516
0.76562      42.06853
0.76953      35.55426
0.77344      34.36093
0.77734      36.86607
0.78125      38.55034
0.78516      38.76469
0.78906      38.26492
0.79297      38.08654
0.79688      47.14945
0.80078      38.61071
0.80469      44.01831
0.80859      45.22124
0.81250      54.84947
0.81641      53.98821
0.82031      49.42161
0.82422      57.00461
0.82812      48.21536
0.83203      50.85705
0.83594      55.29784
0.83984      55.77606
0.84375      62.81496
0.84766      63.20094
0.85156      78.98605
0.85547      98.72536
0.85938     104.42634
0.86328     104.45272
0.86719     144.40041
0.87109     173.02399
0.87500     200.38979
0.87891     193.72305
0.88281     189.82473
0.88672     172.94177
0.89062     188.54167
0.89453     204.68667
0.89844     202.34310
0.90234     226.58300
0.90625     243.55988
0.91016     236.84974
0.91406     247.35946
0.91797     255.98723
0.92188     260.77095
0.92578     241.67560
0.92969     190.81860
0.93359     198.96488
0.93750     175.15463
0.94141     127.58947
0.94531     112.72496
0.94922     108.63054
0.95312     101.36996
0.95703      86.52895
0.96094      89.36781
0.96484      87.61558
0.96875      72.70293
0.97266      69.46141
0.97656      71.48343
0.98047      59.89574
0.98438      65.85502
0.98828      70.95032
0.99219      54.23387
0.99609      53.12221
