0.00000      56.38596
0.00391      52.83238
0.00781      55.87725
0.01172      48.41211
0.01562      55.47239
0.01953      63.23282
0.02344      63.58194
0.02734      64.39313
0.03125      67.59794
0.03516      66.15164
0.03906      51.02573
0.04297      44.86647
0.04688      48.18624
0.05078      48.46705
0.05469      44.58477
0.05859      39.69270
0.06250      40.44453
0.06641      50.47016
0.07031      47.80944
0.07422      45.70253
0.07812      49.95848
0.08203      55.68195
0.08594      44.84881
0.08984      51.33308
0.09375      59.70973
0.09766      52.79463
0.10156      65.46843
0.10547      82.79096
0.10938      84.43482
0.11328     101.48674
0.11719      87.01202
0.12109     124.28841
0.12500     140.82916
0.12891     159.31285
0.13281     160.93043
0.13672     165.48811
0.14062     175.00648
0.14453     163.78018
0.14844     189.19524
0.15234     166.31419
0.15625     143.41867
0.16016     133.99182
0.16406     115.40665
0.16797     111.32762
0.17188     122.89121
0.17578     117.01597
0.17969      98.80697
0.18359     101.92520
0.18750     102.07130
0.19141      97.70876
0.19531      94.11821
0.19922     105.60415
0.20312      98.08243
0.20703     109.32897
0.21094      94.36284
0.21484     106.72607
0.21875      96.81516
0.22266     109.26728
0.22656     119.14045
0.23047      97.14988
0.23438     112.08642
0.23828     103.94117
0.24219     132.28807
0.24609     135.92155
0.25000     129.06513
0.25391     140.42889
0.25781     134.59366
0.26172     142.40468
0.26562     150.41261
0.26953     153.85277
0.27344     148.68835
0.27734     162.90927
0.28125     158.50905
0.28516     149.72643
0.28906     177.23365
0.29297     148.62835
0.29688     198.37301
0.30078     233.35510
0.30469     290.27809
0.30859     428.84937
0.31250     653.63502
0.31641     666.66740
0.32031     586.38340
0.32422     410.75775
0.32812     249.64376
0.33203     143.24619
0.33594      98.12424
0.33984      53.20469
0.34375      44.04617
0.34766      42.18156
0.35156      45.79767
0.35547      54.34252
0.35938      39.05396
0.36328      45.77947
0.36719      37.96956
0.37109      37.38553
0.37500      33.63886
0.37891      47.23906
0.38281      40.64494
0.38672      33.19242
0.39062      39.07109
0.39453      43.57084
0.39844      41.67506
0.40234      32.36983
0.40625      35.32367
0.41016      37.85411
0.41406      36.29562
0.41797      32.09144
0.42188      34.05134
0.42578      39.32956
0.42969      41.95273
0.43359      36.99002
0.43750      33.76311
0.44141      33.00710
0.44531      38.08243
0.44922      38.31608
0.45312      35.63631
0.45703      31.30485
0.46094      36.53616
0.46484      40.91166
0.46875      32.28688
0.47266      33.19512
0.47656      27.60222
0.48047      31.70206
0.48438      37.09062
0.48828      31.74673
0.49219      33.02939
0.49609      32.48304
0.50000      35.90998
0.50391      37.96224
0.50781      32.53466
0.51172      30.03548
0.51562      30.59222
0.51953      36.81631
0.52344      30.26783
0.52734      37.88912
0.53125      32.00232
0.53516      34.25033
0.53906      35.38011
0.54297      35.25166
0.54688      31.92797
0.55078      28.76964
0.55469      31.51634
0.55859      36.81744
0.56250      36.42476
0.56641      36.05465
0.57031      36.78047
0.57422      30.12441
0.57812      37.14042
0.58203      34.48918
0.58594      34.88383
0.58984      34.99150
0.59375      30.72178
0.59766      32.53973
0.60156      33.70193
0.60547      27.34611
0.60938      37.22967
0.61328      33.21933
0.61719      27.45068
0.62109      31.84383
0.62500      33.21255
0.62891      37.48745
0.63281      33.75459
0.63672      40.31485
0.64062      25.65013
0.64453      34.49055
0.64844      32.38443
0.65234      35.82203
0.65625      30.30084
0.66016      33.58342
0.66406      42.26586
0.66797      41.72401
0.67188      32.03949
0.67578      40.87296
0.67969      32.29774
0.68359      39.37580
0.68750      34.85417
0.69141      37.96340
0.69531      34.65616
0.69922      37.05326
0.70312      34.43041
0.70703      32.41104
0.71094      35.66707
0.71484      35.87553
0.71875      33.39666
0.72266      30.87399
0.72656      35.53170
0.73047      33.47857
0.73438      34.81061
0.73828      38.32553
0.74219      34.33070
0.74609      36.13628
0.75000      32.62026
0.75391      40.22195
0.75781      33.54618
0.76172      36.65165
0.76562      39.44421
0.76953      38.61169
0.77344      33.77545
0.77734      36.48978
0.78125      42.02078
0.78516      39.45989
0.78906      35.39019
0.79297      35.72187
0.79688      48.92327
0.80078      44.57400
0.80469      42.68436
0.80859      42.26779
0.81250      54.42155
0.81641      53.92102
0.82031      46.13978
0.82422      57.46187
0.82812      49.54072
0.83203      50.88426
0.83594      60.41273
0.83984      49.03695
0.84375      64.14871
0.84766      59.19998
0.85156      87.11640
0.85547      91.10211
0.85938     110.41637
0.86328     102.97493
0.86719     143.94011
0.87109     159.81846
0.87500     211.51668
0.87891     188.50081
0.88281     184.20791
0.88672     186.35295
0.89062     185.76517
0.89453     201.92637
0.89844     200.10307
0.90234     234.48887
0.90625     235.46700
0.91016     238.96862
0.91406     245.64521
0.91797     258.42825
0.92188     263.80871
0.92578     235.88888
0.92969     189.30946
0.93359     207.24914
0.93750     170.39668
0.94141     132.73392
0.94531     113.59220
0.94922     108.38435
0.95312     101.61881
0.95703      83.58566
0.96094      91.67029
0.96484      85.94553
0.96875      73.61235
0.97266      75.93484
0.97656      63.30084
0.98047      64.45520
0.98438      63.48511
0.98828      64.96477
0.99219      59.67201
0.99609      56.41940
