0.00000      59.44746
0.00391      55.56233
0.00781      56.11571
0.01172      52.58703
0.01562      51.46062
0.01953      63.77946
0.02344      66.58951
0.02734      64.15605
0.03125      61.48926
0.03516      55.69231
0.03906      46.41712
0.04297      46.48324
0.04688      53.82317
0.05078      44.19192
0.05469      46.73335
0.05859      40.02235
0.06250      46.91622
0.06641      43.95030
0.07031      49.65611
0.07422      51.94294
0.07812      46.26803
0.08203      54.22946
0.08594      46.73193
0.08984      56.04505
0.09375      63.35491
0.09766      64.57100
0.10156      71.43381
0.10547      85.19688
0.10938      91.44754
0.11328     104.22439
0.11719     113.42794
0.12109     126.40560
0.12500     150.29257
0.12891     164.78615
0.13281     158.82353
0.13672     185.51185
0.14062     175.01917
0.14453     175.95483
0.14844     181.99648
0.15234     137.16531
0.15625     132.51002
0.16016     130.50535
0.16406     123.86928
0.16797     100.17690
0.17188     117.89759
0.17578     112.09948
0.17969     101.92847
0.18359      96.83093
0.18750      97.98081
0.19141      96.34207
0.19531      94.95757
0.19922     103.57730
0.20312     102.35066
0.20703     111.57062
0.21094      92.35751
0.21484     101.57690
0.21875     102.52803
0.22266     109.34729
0.22656     110.10717
0.23047     105.15150
0.23438     127.09343
0.23828     118.03438
0.24219     130.53333
0.24609     126.03553
0.25000     140.84895
0.25391     140.08082
0.25781     134.73644
0.26172     141.85032
0.26562     155.54438
0.26953     152.38549
0.27344     150.76389
0.27734     173.71967
0.28125     158.56451
0.28516     166.23374
0.28906     188.42904
0.29297     189.28080
0.29688     233.71239
0.30078     299.16224
0.30469     362.76613
0.30859     528.97326
0.31250     655.78255
0.31641     567.10109
0.32031     500.79564
0.32422     287.31048
0.32812     187.80451
0.33203     106.45849
0.33594      69.44065
0.33984      55.53475
0.34375      43.21623
0.34766      38.09072
0.35156      49.85882
0.35547      46.92643
0.35938      40.99604
0.36328      43.75196
0.36719      39.99370
0.37109      34.24810
0.37500      44.70680
0.37891      39.41809
0.38281      33.63032
0.38672      45.30516
0.39062      37.75389
0.39453      38.72975
0.39844      34.66883
0.40234      34.61910
0.40625      38.57048
0.41016      32.00744
0.41406      36.31495
0.41797      37.73542
0.42188      35.95997
0.42578      39.52419
0.42969      35.19442
0.43359      35.04151
0.43750      35.80422
0.44141      34.80693
0.44531      40.41250
0.44922      34.51526
0.45312      34.63404
0.45703      35.00619
0.46094      37.53582
0.46484      35.58365
0.46875      35.77860
0.47266      30.50701
0.47656      30.61827
0.48047      31.07669
0.48438      34.72858
0.48828      35.61161
0.49219      32.38781
0.49609      37.74359
0.50000      32.21865
0.50391      34.12552
0.50781      31.44710
0.51172      32.27673
0.51562      34.23543
0.51953      34.92213
0.52344      30.55718
0.52734      33.90394
0.53125      34.59259
0.53516      37.31284
0.53906      30.38288
0.54297      31.22416
0.54688      34.30648
0.55078      30.49226
0.55469      32.73690
0.55859      39.08044
0.56250      36.74906
0.56641      35.77191
0.57031      35.90362
0.57422      30.16352
0.57812      31.84873
0.58203      39.41124
0.58594      33.04048
0.58984      32.24797
0.59375      31.77318
0.59766      37.40444
0.60156      30.94280
0.60547      33.48899
0.60938      30.09247
0.61328      28.63221
0.61719      27.89300
0.62109      32.56367
0.62500      37.72872
0.62891      36.08738
0.63281      35.50000
0.63672      37.10374
0.64062      29.59589
0.64453      32.32938
0.64844      39.20488
0.65234      25.84662
0.65625      37.52951
0.66016      39.05600
0.66406      37.82921
0.66797      43.79879
0.67188      28.71943
0.67578      39.47621
0.67969      30.92482
0.68359      40.96909
0.68750      33.82692
0.69141      35.95468
0.69531      35.86128
0.69922      37.81419
0.70312      35.89766
0.70703      35.14103
0.71094      34.54223
0.71484      31.86236
0.71875      28.84028
0.72266      37.84658
0.72656      34.60629
0.73047      35.96365
0.73438      37.39933
0.73828      28.15883
0.74219      33.40981
0.74609      37.23313
0.75000      40.47945
0.75391      36.57625
0.75781      38.57390
0.76172      37.98660
0.76562      40.59426
0.76953      33.43651
0.77344      35.61007
0.77734      32.16545
0.78125      41.32874
0.78516      41.02698
0.78906      39.12769
0.79297      38.06272
0.79688      44.21687
0.80078      45.26674
0.80469      46.23238
0.80859      53.17752
0.81250      51.28512
0.81641      51.56715
0.82031      57.31235
0.82422      45.86409
0.82812      51.02150
0.83203      57.45822
0.83594      61.47270
0.83984      58.87844
0.84375      65.21288
0.84766      67.80594
0.85156      88.58408
0.85547     112.94361
0.85938     117.28838
0.86328     127.87586
0.86719     160.51949
0.87109     174.11427
0.87500     195.78785
0.87891     192.30552
0.88281     184.95603
0.88672     204.37145
0.89062     196.51014
0.89453     198.25118
0.89844     223.18648
0.90234     225.14029
0.90625     243.82420
0.91016     239.31566
0.91406     237.29442
0.91797     244.59375
0.92188     241.22194
0.92578     233.91629
0.92969     198.53412
0.93359     172.95131
0.93750     145.22880
0.94141     119.98350
0.94531     100.75121
0.94922     115.38393
0.95312      92.90095
0.95703      85.41281
0.96094      88.15812
0.96484      70.52287
0.96875      78.86406
0.97266      72.70940
0.97656      63.37970
0.98047      59.69183
0.98438      65.15257
0.98828      62.51695
0.99219      55.23862
0.99609      56.85537
