0.00000      56.50306
0.00391      52.78782
0.00781      55.70529
0.01172      55.73019
0.01562      52.59667
0.01953      56.78669
0.02344      75.20217
0.02734      55.91085
0.03125      75.47160
0.03516      57.63117
0.03906      53.48638
0.04297      41.71094
0.04688      55.58156
0.05078      48.90717
0.05469      39.02103
0.05859      42.30066
0.06250      39.87544
0.06641      49.42540
0.07031      44.51585
0.07422      49.66358
0.07812      49.65631
0.08203      46.58276
0.08594      47.45947
0.08984      54.01446
0.09375      57.22707
0.09766      54.01601
0.10156      67.13929
0.10547      81.65519
0.10938      72.64699
0.11328      88.98069
0.11719     112.97438
0.12109     108.72887
0.12500     142.88840
0.12891     151.97334
0.13281     162.15431
0.13672     167.64041
0.14062     163.09552
0.14453     177.32035
0.14844     196.02560
0.15234     167.26062
0.15625     135.56734
0.16016     128.38554
0.16406     118.74663
0.16797     126.50234
0.17188     110.51036
0.17578     121.66114
0.17969     107.83145
0.18359      95.32046
0.18750     108.26473
0.19141      88.54629
0.19531     107.05523
0.19922     100.42016
0.20312      85.76294
0.20703     110.00907
0.21094     110.91825
0.21484     100.21338
0.21875      98.79741
0.22266     100.92179
0.22656     111.88444
0.23047     110.60391
0.23438     113.37730
0.23828     111.21482
0.24219     128.56109
0.24609     113.65085
0.25000     146.41420
0.25391     147.46351
0.25781     108.43251
0.26172     141.98403
0.26562     160.21029
0.26953     151.31396
0.27344     160.65426
0.27734     146.91277
0.28125     158.44461
0.28516     156.85063
0.28906     160.73984
0.29297     167.45143
0.29688     182.37900
0.30078     201.91637
0.30469     222.64271
0.30859     394.90957
0.31250     711.35659
0.31641     703.14664
0.32031     659.15831
0.32422     383.76708
0.32812     263.07242
0.33203     163.44487
0.33594      91.64937
0.33984      54.19792
0.34375      34.65994
0.34766      51.98431
0.35156      48.28178
0.35547      44.19154
0.35938      47.05042
0.36328      38.72821
0.36719      40.21370
0.37109      39.54803
0.37500      36.66974
0.37891      45.72743
0.38281      34.53329
0.38672      38.49256
0.39062      39.73806
0.39453      37.33581
0.39844      41.87790
0.40234      36.82407
0.40625      33.19567
0.41016      36.59900
0.41406      43.16069
0.41797      30.63328
0.42188      34.72290
0.42578      41.52017
0.42969      38.67541
0.43359      39.03633
0.43750      29.47188
0.44141      37.28600
0.44531      36.79599
0.44922      35.79551
0.45312      33.54940
0.45703      33.61980
0.46094      36.29716
0.46484      38.18991
0.46875      37.56891
0.47266      29.33332
0.47656      30.11380
0.48047      31.56375
0.48438      35.26898
0.48828      31.89319
0.49219      34.47713
0.49609      35.69900
0.50000      34.07591
0.50391      31.71062
0.50781      34.49075
0.51172      30.78516
0.51562      35.83627
0.51953      31.55913
0.52344      35.53067
0.52734      37.67028
0.53125      30.11650
0.53516      35.14471
0.53906      33.43341
0.54297      37.49071
0.54688      29.81073
0.55078      30.58390
0.55469      30.02311
0.55859      34.37956
0.56250      37.45366
0.56641      39.73717
0.57031      36.62786
0.57422      31.22785
0.57812      34.29572
0.58203      35.50707
0.58594      37.57956
0.58984      28.79746
0.59375      31.59977
0.59766      36.26605
0.60156      26.50253
0.60547      34.89100
0.60938      30.30733
0.61328      34.22402
0.61719      30.74820
0.62109      30.47524
0.62500      30.51588
0.62891      41.68554
0.63281      33.63372
0.63672      34.80114
0.64062      35.27898
0.64453      25.30629
0.64844      36.81937
0.65234      30.93808
0.65625      33.63487
0.66016      39.00333
0.66406      41.19593
0.66797      32.35859
0.67188      36.93687
0.67578      40.47212
0.67969      34.81339
0.68359      35.06277
0.68750      39.97242
0.69141      37.53395
0.69531      31.83476
0.69922      39.25792
0.70312      33.19012
0.70703      36.46934
0.71094      33.33075
0.71484      36.44150
0.71875      32.72431
0.72266      36.75769
0.72656      29.54213
0.73047      38.23444
0.73438      32.37721
0.73828      31.34553
0.74219      40.21960
0.74609      34.29888
0.75000      34.51089
0.75391      41.45883
0.75781      32.20511
0.76172      36.63708
0.76562      39.12185
0.76953      31.86703
0.77344      40.56473
0.77734      32.40590
0.78125      40.11279
0.78516      39.81998
0.78906      39.09211
0.79297      33.19162
0.79688      47.29324
0.80078      45.47760
0.80469      43.37606
0.80859      49.09688
0.81250      46.83301
0.81641      45.45571
0.82031      57.33118
0.82422      56.62780
0.82812      46.45921
0.83203      50.28912
0.83594      62.31603
0.83984      51.83674
0.84375      58.99211
0.84766      62.93762
0.85156      76.27626
0.85547      87.15785
0.85938     101.15055
0.86328     105.65778
0.86719     136.01617
0.87109     167.54447
0.87500     193.65240
0.87891     202.02939
0.88281     185.05962
0.88672     191.30295
0.89062     173.07481
0.89453     203.31378
0.89844     204.17802
0.90234     225.67561
0.90625     230.64898
0.91016     237.03570
0.91406     256.18185
0.91797     249.03106
0.92188     253.46623
0.92578     257.00854
0.92969     214.90508
0.93359     196.90006
0.93750     173.30593
0.94141     130.78132
0.94531     126.85862
0.94922     100.29028
0.95312      98.51935
0.95703      87.83485
0.96094      90.18087
0.96484      87.88818
0.96875      74.97789
0.97266      79.72418
0.97656      63.84051
0.98047      65.03689
0.98438      61.35121
0.98828      56.57245
0.99219      68.20096
0.99609      56.70880
