0.00000      60.22039
0.00391      52.64010
0.00781      49.98686
0.01172      60.42353
0.01562      58.44085
0.01953      52.77118
0.02344      64.64005
0.02734      65.50521
0.03125      61.03847
0.03516      55.29781
0.03906      46.35539
0.04297      48.56948
0.04688      49.88403
0.05078      47.18214
0.05469      48.76923
0.05859      38.99730
0.06250      41.73790
0.06641      50.65382
0.07031      50.71068
0.07422      54.67160
0.07812      50.10911
0.08203      52.80476
0.08594      45.20770
0.08984      65.60294
0.09375      60.14685
0.09766      70.35442
0.10156      68.69022
0.10547      99.51022
0.10938      96.63892
0.11328      94.85542
0.11719     118.71131
0.12109     150.01929
0.12500     143.88443
0.12891     161.59795
0.13281     166.45337
0.13672     163.85969
0.14062     177.30971
0.14453     176.84013
0.14844     163.15245
0.15234     147.73719
0.15625     136.14364
0.16016     124.06950
0.16406     112.87442
0.16797     112.06499
0.17188     105.69463
0.17578     125.39418
0.17969      97.08412
0.18359      91.20003
0.18750      96.99279
0.19141     100.81716
0.19531     106.68383
0.19922      97.27938
0.20312     101.79880
0.20703     107.16826
0.21094      91.34932
0.21484      98.03800
0.21875     111.03907
0.22266     113.47830
0.22656     116.95381
0.23047     112.49859
0.23438     111.85530
0.23828     114.21710
0.24219     131.47956
0.24609     140.60491
0.25000     136.04703
0.25391     146.53193
0.25781     138.82144
0.26172     132.54258
0.26562     164.73623
0.26953     149.07021
0.27344     158.34839
0.27734     164.71876
0.28125     185.93983
0.28516     181.11507
0.28906     211.00169
0.29297     221.64830
0.29688     278.45667
0.30078     299.90351
0.30469     373.91380
0.30859     490.21031
0.31250     560.88830
0.31641     568.45049
0.32031     441.12244
0.32422     288.48150
0.32812     176.32487
0.33203     109.48420
0.33594      73.63996
0.33984      51.13242
0.34375      44.53181
0.34766      43.01247
0.35156      45.74533
0.35547      47.12319
0.35938      41.39113
0.36328      40.70522
0.36719      39.17492
0.37109      41.28155
0.37500      41.58347
0.37891      35.87833
0.38281      43.47967
0.38672      39.70121
0.39062      41.14388
0.39453      39.52471
0.39844      33.86069
0.40234      30.79569
0.40625      35.64179
0.41016      31.37418
0.41406      37.38320
0.41797      38.68418
0.42188      34.57145
0.42578      37.22104
0.42969      38.21486
0.43359      36.77394
0.43750      35.43053
0.44141      33.88866
0.44531      41.39930
0.44922      41.84387
0.45312      26.53943
0.45703      35.25214
0.46094      37.31871
0.46484      37.82657
0.46875      35.76520
0.47266      26.22990
0.47656      30.66693
0.48047      35.97015
0.48438      33.20001
0.48828      31.79356
0.49219      37.83714
0.49609      34.62668
0.50000      32.03321
0.50391      34.68296
0.50781      33.63252
0.51172      33.02122
0.51562      30.51161
0.51953      30.52470
0.52344      32.50520
0.52734      32.84509
0.53125      36.58989
0.53516      37.92453
0.53906      31.47381
0.54297      32.65806
0.54688      33.26020
0.55078      29.70211
0.55469      36.43507
0.55859      33.30576
0.56250      37.29282
0.56641      38.15070
0.57031      31.96497
0.57422      30.50721
0.57812      33.06661
0.58203      39.22349
0.58594      36.31476
0.58984      32.70302
0.59375      35.15095
0.59766      30.17838
0.60156      37.70874
0.60547      29.46473
0.60938      27.75217
0.61328      28.78847
0.61719      33.55151
0.62109      31.35963
0.62500      36.45673
0.62891      39.00975
0.63281      35.34320
0.63672      31.62045
0.64062      33.57020
0.64453      32.25672
0.64844      31.43676
0.65234      40.56831
0.65625      32.97668
0.66016      34.13841
0.66406      40.13847
0.66797      42.25433
0.67188      33.65385
0.67578      34.96765
0.67969      33.86440
0.68359      35.46038
0.68750      35.22422
0.69141      37.75688
0.69531      35.09012
0.69922      34.56354
0.70312      33.31635
0.70703      34.57420
0.71094      38.84863
0.71484      29.36936
0.71875      32.52940
0.72266      34.34241
0.72656      36.54142
0.73047      38.53631
0.73438      35.40595
0.73828      32.47079
0.74219      30.47787
0.74609      38.83574
0.75000      41.31090
0.75391      40.72219
0.75781      38.05046
0.76172      34.82262
0.76562      34.30757
0.76953      34.47754
0.77344      39.61649
0.77734      41.76843
0.78125      36.47839
0.78516      38.74697
0.78906      39.11320
0.79297      37.56149
0.79688      42.21823
0.80078      54.33752
0.80469      46.48304
0.80859      47.78236
0.81250      59.84308
0.81641      49.20944
0.82031      45.33934
0.82422      61.00561
0.82812      49.12495
0.83203      50.85298
0.83594      63.55492
0.83984      63.35502
0.84375      70.28004
0.84766      81.98549
0.85156     106.09652
0.85547     115.62545
0.85938     123.10019
0.86328     128.50295
0.86719     159.43517
0.87109     179.19665
0.87500     186.59111
0.87891     191.38166
0.88281     208.29461
0.88672     190.77649
0.89062     206.03356
0.89453     217.00365
0.89844     200.66196
0.90234     226.33405
0.90625     234.88870
0.91016     235.25155
0.91406     252.85730
0.91797     239.65682
0.92188     243.21199
0.92578     202.46221
0.92969     193.58613
0.93359     168.85050
0.93750     138.05256
0.94141     116.03746
0.94531     106.23778
0.94922     107.11179
0.95312     101.04447
0.95703      80.94222
0.96094      83.20969
0.96484      70.07561
0.96875      76.90344
0.97266      67.65858
0.97656      71.93108
0.98047      60.97600
0.98438      65.73273
0.98828      57.40340
0.99219      50.88545
0.99609      59.42458
